Title: * spicenetlist
Date: Tue Nov 26 13:46:48  2019
Plotname: DC transfer characteristic
Flags: real
No. Variables: 7
No. Points: 501
Variables:
	0	v-sweep	voltage
	1	n_1	voltage
	2	n_2	voltage
	3	n_3	voltage
	4	i(v_v1)	current
	5	i(v_v2)	current
	6	i(v_vcur_1)	current
Values:
 0	0.000000000000000e+00
	0.000000000000000e+00
	0.000000000000000e+00
	7.300000000000000e+00
	0.000000000000000e+00
	0.000000000000000e+00
	0.000000000000000e+00

 1	4.000000000000000e-02
	4.000000000000000e-02
	4.000000000000000e-02
	7.300000000000000e+00
	0.000000000000000e+00
	-6.924357921862039e-06
	6.924357921862039e-06

 2	8.000000000000000e-02
	8.000000000000000e-02
	8.000000000000000e-02
	7.300000000000000e+00
	0.000000000000000e+00
	-1.381053094771506e-05
	1.381053094771506e-05

 3	1.200000000000000e-01
	1.200000000000000e-01
	1.200000000000000e-01
	7.300000000000000e+00
	0.000000000000000e+00
	-2.065851907761609e-05
	2.065851907761609e-05

 4	1.600000000000000e-01
	1.600000000000000e-01
	1.600000000000000e-01
	7.300000000000000e+00
	0.000000000000000e+00
	-2.746832231157626e-05
	2.746832231157626e-05

 5	2.000000000000000e-01
	2.000000000000000e-01
	2.000000000000000e-01
	7.300000000000000e+00
	0.000000000000000e+00
	-3.423994064959708e-05
	3.423994064959708e-05

 6	2.400000000000000e-01
	2.400000000000000e-01
	2.400000000000000e-01
	7.300000000000000e+00
	0.000000000000000e+00
	-4.097337409167882e-05
	4.097337409167882e-05

 7	2.800000000000000e-01
	2.800000000000000e-01
	2.800000000000000e-01
	7.300000000000000e+00
	0.000000000000000e+00
	-4.766862263782156e-05
	4.766862263782156e-05

 8	3.200000000000000e-01
	3.200000000000000e-01
	3.200000000000000e-01
	7.300000000000000e+00
	0.000000000000000e+00
	-5.432568628802532e-05
	5.432568628802532e-05

 9	3.600000000000000e-01
	3.600000000000000e-01
	3.600000000000000e-01
	7.300000000000000e+00
	0.000000000000000e+00
	-6.094456504229011e-05
	6.094456504229011e-05

 10	4.000000000000000e-01
	4.000000000000000e-01
	4.000000000000000e-01
	7.300000000000000e+00
	0.000000000000000e+00
	-6.752525890061595e-05
	6.752525890061595e-05

 11	4.399999999999999e-01
	4.399999999999999e-01
	4.399999999999999e-01
	7.300000000000000e+00
	0.000000000000000e+00
	-7.406776786300284e-05
	7.406776786300284e-05

 12	4.799999999999999e-01
	4.799999999999999e-01
	4.799999999999999e-01
	7.300000000000000e+00
	0.000000000000000e+00
	-8.057209192945079e-05
	8.057209192945079e-05

 13	5.199999999999999e-01
	5.199999999999999e-01
	5.199999999999999e-01
	7.300000000000000e+00
	0.000000000000000e+00
	-8.703823109995976e-05
	8.703823109995976e-05

 14	5.599999999999999e-01
	5.599999999999999e-01
	5.599999999999999e-01
	7.300000000000000e+00
	0.000000000000000e+00
	-9.346618537452976e-05
	9.346618537452976e-05

 15	6.000000000000000e-01
	6.000000000000000e-01
	6.000000000000000e-01
	7.300000000000000e+00
	0.000000000000000e+00
	-9.985595475316086e-05
	9.985595475316086e-05

 16	6.400000000000000e-01
	6.400000000000000e-01
	6.400000000000000e-01
	7.300000000000000e+00
	0.000000000000000e+00
	-1.062075392358530e-04
	1.062075392358530e-04

 17	6.800000000000000e-01
	6.800000000000000e-01
	6.800000000000000e-01
	7.300000000000000e+00
	0.000000000000000e+00
	-1.125209388226061e-04
	1.125209388226061e-04

 18	7.200000000000001e-01
	7.200000000000001e-01
	7.200000000000001e-01
	7.300000000000000e+00
	0.000000000000000e+00
	-1.187961535134204e-04
	1.187961535134204e-04

 19	7.600000000000001e-01
	7.600000000000001e-01
	7.600000000000001e-01
	7.300000000000000e+00
	0.000000000000000e+00
	-1.250331833082956e-04
	1.250331833082956e-04

 20	8.000000000000002e-01
	8.000000000000002e-01
	8.000000000000002e-01
	7.300000000000000e+00
	0.000000000000000e+00
	-1.312320282072319e-04
	1.312320282072319e-04

 21	8.400000000000002e-01
	8.400000000000002e-01
	8.400000000000002e-01
	7.300000000000000e+00
	0.000000000000000e+00
	-1.373926882102293e-04
	1.373926882102293e-04

 22	8.800000000000002e-01
	8.800000000000002e-01
	8.800000000000002e-01
	7.300000000000000e+00
	0.000000000000000e+00
	-1.435151633172877e-04
	1.435151633172877e-04

 23	9.200000000000003e-01
	9.200000000000003e-01
	9.200000000000003e-01
	7.300000000000000e+00
	0.000000000000000e+00
	-1.495994535284071e-04
	1.495994535284071e-04

 24	9.600000000000003e-01
	9.600000000000003e-01
	9.600000000000003e-01
	7.300000000000000e+00
	0.000000000000000e+00
	-1.556455588435877e-04
	1.556455588435877e-04

 25	1.000000000000000e+00
	1.000000000000000e+00
	1.000000000000000e+00
	7.300000000000000e+00
	0.000000000000000e+00
	-1.616534792628291e-04
	1.616534792628291e-04

 26	1.040000000000000e+00
	1.040000000000000e+00
	1.040000000000000e+00
	7.300000000000000e+00
	0.000000000000000e+00
	-1.676232147861317e-04
	1.676232147861317e-04

 27	1.080000000000000e+00
	1.080000000000000e+00
	1.080000000000000e+00
	7.300000000000000e+00
	0.000000000000000e+00
	-1.735547654134954e-04
	1.735547654134954e-04

 28	1.120000000000000e+00
	1.120000000000000e+00
	1.120000000000000e+00
	7.300000000000000e+00
	0.000000000000000e+00
	-1.794481311449201e-04
	1.794481311449201e-04

 29	1.160000000000000e+00
	1.160000000000000e+00
	1.160000000000000e+00
	7.300000000000000e+00
	0.000000000000000e+00
	-1.853033119804058e-04
	1.853033119804058e-04

 30	1.200000000000000e+00
	1.200000000000000e+00
	1.200000000000000e+00
	7.300000000000000e+00
	0.000000000000000e+00
	-1.911203079199525e-04
	1.911203079199525e-04

 31	1.240000000000000e+00
	1.240000000000000e+00
	1.240000000000000e+00
	7.300000000000000e+00
	0.000000000000000e+00
	-1.968991189635604e-04
	1.968991189635604e-04

 32	1.280000000000000e+00
	1.280000000000000e+00
	1.280000000000000e+00
	7.300000000000000e+00
	0.000000000000000e+00
	-2.026397451112293e-04
	2.026397451112293e-04

 33	1.320000000000001e+00
	1.320000000000001e+00
	1.320000000000001e+00
	7.300000000000000e+00
	0.000000000000000e+00
	-2.083421863629592e-04
	2.083421863629592e-04

 34	1.360000000000001e+00
	1.360000000000001e+00
	1.360000000000001e+00
	7.300000000000000e+00
	0.000000000000000e+00
	-2.140064427187502e-04
	2.140064427187502e-04

 35	1.400000000000001e+00
	1.400000000000001e+00
	1.400000000000001e+00
	7.300000000000000e+00
	0.000000000000000e+00
	-2.196325141786022e-04
	2.196325141786022e-04

 36	1.440000000000001e+00
	1.440000000000001e+00
	1.440000000000001e+00
	7.300000000000000e+00
	0.000000000000000e+00
	-2.252204007425153e-04
	2.252204007425153e-04

 37	1.480000000000001e+00
	1.480000000000001e+00
	1.480000000000001e+00
	7.300000000000000e+00
	0.000000000000000e+00
	-2.307701024104893e-04
	2.307701024104893e-04

 38	1.520000000000001e+00
	1.520000000000001e+00
	1.520000000000001e+00
	7.300000000000000e+00
	0.000000000000000e+00
	-2.362816191825245e-04
	2.362816191825245e-04

 39	1.560000000000001e+00
	1.560000000000001e+00
	1.560000000000001e+00
	7.300000000000000e+00
	0.000000000000000e+00
	-2.417549510586207e-04
	2.417549510586207e-04

 40	1.600000000000001e+00
	1.600000000000001e+00
	1.600000000000001e+00
	7.300000000000000e+00
	0.000000000000000e+00
	-2.471900980387779e-04
	2.471900980387779e-04

 41	1.640000000000001e+00
	1.640000000000001e+00
	1.640000000000001e+00
	7.300000000000000e+00
	0.000000000000000e+00
	-2.525870601229963e-04
	2.525870601229963e-04

 42	1.680000000000001e+00
	1.680000000000001e+00
	1.680000000000001e+00
	7.300000000000000e+00
	0.000000000000000e+00
	-2.579458373112756e-04
	2.579458373112756e-04

 43	1.720000000000001e+00
	1.720000000000001e+00
	1.720000000000001e+00
	7.300000000000000e+00
	0.000000000000000e+00
	-2.632664296036160e-04
	2.632664296036160e-04

 44	1.760000000000001e+00
	1.760000000000001e+00
	1.760000000000001e+00
	7.300000000000000e+00
	0.000000000000000e+00
	-2.685488370000174e-04
	2.685488370000174e-04

 45	1.800000000000001e+00
	1.800000000000001e+00
	1.800000000000001e+00
	7.300000000000000e+00
	0.000000000000000e+00
	-2.737930595004799e-04
	2.737930595004799e-04

 46	1.840000000000001e+00
	1.840000000000001e+00
	1.840000000000001e+00
	7.300000000000000e+00
	0.000000000000000e+00
	-2.789990971050034e-04
	2.789990971050034e-04

 47	1.880000000000001e+00
	1.880000000000001e+00
	1.880000000000001e+00
	7.300000000000000e+00
	0.000000000000000e+00
	-2.841669498135880e-04
	2.841669498135880e-04

 48	1.920000000000001e+00
	1.920000000000001e+00
	1.920000000000001e+00
	7.300000000000000e+00
	0.000000000000000e+00
	-2.892966176262337e-04
	2.892966176262337e-04

 49	1.960000000000001e+00
	1.960000000000001e+00
	1.960000000000001e+00
	7.300000000000000e+00
	0.000000000000000e+00
	-2.943881005429403e-04
	2.943881005429403e-04

 50	2.000000000000001e+00
	2.000000000000001e+00
	2.000000000000001e+00
	7.300000000000000e+00
	0.000000000000000e+00
	-2.994413985637080e-04
	2.994413985637080e-04

 51	2.040000000000001e+00
	2.040000000000001e+00
	2.040000000000001e+00
	7.300000000000000e+00
	0.000000000000000e+00
	-3.044565116885368e-04
	3.044565116885368e-04

 52	2.080000000000001e+00
	2.080000000000001e+00
	2.080000000000001e+00
	7.300000000000000e+00
	0.000000000000000e+00
	-3.094334399174266e-04
	3.094334399174266e-04

 53	2.120000000000001e+00
	2.120000000000001e+00
	2.120000000000001e+00
	7.300000000000000e+00
	0.000000000000000e+00
	-3.143721832503774e-04
	3.143721832503774e-04

 54	2.160000000000001e+00
	2.160000000000001e+00
	2.160000000000001e+00
	7.300000000000000e+00
	0.000000000000000e+00
	-3.192727416873893e-04
	3.192727416873893e-04

 55	2.200000000000001e+00
	2.200000000000001e+00
	2.200000000000001e+00
	7.300000000000000e+00
	0.000000000000000e+00
	-3.241351152284622e-04
	3.241351152284622e-04

 56	2.240000000000001e+00
	2.240000000000001e+00
	2.240000000000001e+00
	7.300000000000000e+00
	0.000000000000000e+00
	-3.289593038735963e-04
	3.289593038735963e-04

 57	2.280000000000001e+00
	2.280000000000001e+00
	2.280000000000001e+00
	7.300000000000000e+00
	0.000000000000000e+00
	-3.337453076227913e-04
	3.337453076227913e-04

 58	2.320000000000001e+00
	2.320000000000001e+00
	2.320000000000001e+00
	7.300000000000000e+00
	0.000000000000000e+00
	-3.384931264760474e-04
	3.384931264760474e-04

 59	2.360000000000001e+00
	2.360000000000001e+00
	2.360000000000001e+00
	7.300000000000000e+00
	0.000000000000000e+00
	-3.432027604333646e-04
	3.432027604333646e-04

 60	2.400000000000001e+00
	2.400000000000001e+00
	2.400000000000001e+00
	7.300000000000000e+00
	0.000000000000000e+00
	-3.478742094947428e-04
	3.478742094947428e-04

 61	2.440000000000001e+00
	2.440000000000001e+00
	2.440000000000001e+00
	7.300000000000000e+00
	0.000000000000000e+00
	-3.525074736601820e-04
	3.525074736601820e-04

 62	2.480000000000001e+00
	2.480000000000001e+00
	2.480000000000001e+00
	7.300000000000000e+00
	0.000000000000000e+00
	-3.571025529296823e-04
	3.571025529296823e-04

 63	2.520000000000001e+00
	2.520000000000001e+00
	2.520000000000001e+00
	7.300000000000000e+00
	0.000000000000000e+00
	-3.616594473032436e-04
	3.616594473032436e-04

 64	2.560000000000001e+00
	2.560000000000001e+00
	2.560000000000001e+00
	7.300000000000000e+00
	0.000000000000000e+00
	-3.661781567808660e-04
	3.661781567808660e-04

 65	2.600000000000001e+00
	2.600000000000001e+00
	2.600000000000001e+00
	7.300000000000000e+00
	0.000000000000000e+00
	-3.706586813625494e-04
	3.706586813625494e-04

 66	2.640000000000001e+00
	2.640000000000001e+00
	2.640000000000001e+00
	7.300000000000000e+00
	0.000000000000000e+00
	-3.751010210482938e-04
	3.751010210482938e-04

 67	2.680000000000001e+00
	2.680000000000001e+00
	2.680000000000001e+00
	7.300000000000000e+00
	0.000000000000000e+00
	-3.795051758380994e-04
	3.795051758380994e-04

 68	2.720000000000002e+00
	2.720000000000002e+00
	2.720000000000002e+00
	7.300000000000000e+00
	0.000000000000000e+00
	-3.838711457319660e-04
	3.838711457319660e-04

 69	2.760000000000002e+00
	2.760000000000002e+00
	2.760000000000002e+00
	7.300000000000000e+00
	0.000000000000000e+00
	-3.881989307298935e-04
	3.881989307298935e-04

 70	2.800000000000002e+00
	2.800000000000002e+00
	2.800000000000002e+00
	7.300000000000000e+00
	0.000000000000000e+00
	-3.924885308318822e-04
	3.924885308318822e-04

 71	2.840000000000002e+00
	2.840000000000002e+00
	2.840000000000002e+00
	7.300000000000000e+00
	0.000000000000000e+00
	-3.967399460379319e-04
	3.967399460379319e-04

 72	2.880000000000002e+00
	2.880000000000002e+00
	2.880000000000002e+00
	7.300000000000000e+00
	0.000000000000000e+00
	-4.009531763480427e-04
	4.009531763480427e-04

 73	2.920000000000002e+00
	2.920000000000002e+00
	2.920000000000002e+00
	7.300000000000000e+00
	0.000000000000000e+00
	-4.051282217622145e-04
	4.051282217622145e-04

 74	2.960000000000002e+00
	2.960000000000002e+00
	2.960000000000002e+00
	7.300000000000000e+00
	0.000000000000000e+00
	-4.092650822804473e-04
	4.092650822804473e-04

 75	3.000000000000002e+00
	3.000000000000002e+00
	3.000000000000002e+00
	7.300000000000000e+00
	0.000000000000000e+00
	-4.133637579027412e-04
	4.133637579027412e-04

 76	3.040000000000002e+00
	3.040000000000002e+00
	3.040000000000002e+00
	7.300000000000000e+00
	0.000000000000000e+00
	-4.174242486290962e-04
	4.174242486290962e-04

 77	3.080000000000002e+00
	3.080000000000002e+00
	3.080000000000002e+00
	7.300000000000000e+00
	0.000000000000000e+00
	-4.214465544595122e-04
	4.214465544595122e-04

 78	3.120000000000002e+00
	3.120000000000002e+00
	3.120000000000002e+00
	7.300000000000000e+00
	0.000000000000000e+00
	-4.254306753939891e-04
	4.254306753939891e-04

 79	3.160000000000002e+00
	3.160000000000002e+00
	3.160000000000002e+00
	7.300000000000000e+00
	0.000000000000000e+00
	-4.293766114325273e-04
	4.293766114325273e-04

 80	3.200000000000002e+00
	3.200000000000002e+00
	3.200000000000002e+00
	7.300000000000000e+00
	0.000000000000000e+00
	-4.332843625751264e-04
	4.332843625751264e-04

 81	3.240000000000002e+00
	3.240000000000002e+00
	3.240000000000002e+00
	7.300000000000000e+00
	0.000000000000000e+00
	-4.371539288217865e-04
	4.371539288217865e-04

 82	3.280000000000002e+00
	3.280000000000002e+00
	3.280000000000002e+00
	7.300000000000000e+00
	0.000000000000000e+00
	-4.409853101725078e-04
	4.409853101725078e-04

 83	3.320000000000002e+00
	3.320000000000002e+00
	3.320000000000002e+00
	7.300000000000000e+00
	0.000000000000000e+00
	-4.447785066272901e-04
	4.447785066272901e-04

 84	3.360000000000002e+00
	3.360000000000002e+00
	3.360000000000002e+00
	7.300000000000000e+00
	0.000000000000000e+00
	-4.485335181861334e-04
	4.485335181861334e-04

 85	3.400000000000002e+00
	3.400000000000002e+00
	3.400000000000002e+00
	7.300000000000000e+00
	0.000000000000000e+00
	-4.522503448490377e-04
	4.522503448490377e-04

 86	3.440000000000002e+00
	3.440000000000002e+00
	3.440000000000002e+00
	7.300000000000000e+00
	0.000000000000000e+00
	-4.559289866160031e-04
	4.559289866160031e-04

 87	3.480000000000002e+00
	3.480000000000002e+00
	3.480000000000002e+00
	7.300000000000000e+00
	0.000000000000000e+00
	-4.595694434870296e-04
	4.595694434870296e-04

 88	3.520000000000002e+00
	3.520000000000002e+00
	3.520000000000002e+00
	7.300000000000000e+00
	0.000000000000000e+00
	-4.631717154621172e-04
	4.631717154621172e-04

 89	3.560000000000002e+00
	3.560000000000002e+00
	3.560000000000002e+00
	7.300000000000000e+00
	0.000000000000000e+00
	-4.667358025412657e-04
	4.667358025412657e-04

 90	3.600000000000002e+00
	3.600000000000002e+00
	3.600000000000002e+00
	7.300000000000000e+00
	0.000000000000000e+00
	-4.702617047244753e-04
	4.702617047244753e-04

 91	3.640000000000002e+00
	3.640000000000002e+00
	3.640000000000002e+00
	7.300000000000000e+00
	0.000000000000000e+00
	-4.737494220117459e-04
	4.737494220117459e-04

 92	3.680000000000002e+00
	3.680000000000002e+00
	3.680000000000002e+00
	7.300000000000000e+00
	0.000000000000000e+00
	-4.771989544030776e-04
	4.771989544030776e-04

 93	3.720000000000002e+00
	3.720000000000002e+00
	3.720000000000002e+00
	7.300000000000000e+00
	0.000000000000000e+00
	-4.806103018984703e-04
	4.806103018984703e-04

 94	3.760000000000002e+00
	3.760000000000002e+00
	3.760000000000002e+00
	7.300000000000000e+00
	0.000000000000000e+00
	-4.839834644979240e-04
	4.839834644979240e-04

 95	3.800000000000002e+00
	3.800000000000002e+00
	3.800000000000002e+00
	7.300000000000000e+00
	0.000000000000000e+00
	-4.873184422014389e-04
	4.873184422014389e-04

 96	3.840000000000003e+00
	3.840000000000003e+00
	3.840000000000003e+00
	7.300000000000000e+00
	0.000000000000000e+00
	-4.906152350090148e-04
	4.906152350090148e-04

 97	3.880000000000003e+00
	3.880000000000003e+00
	3.880000000000003e+00
	7.300000000000000e+00
	0.000000000000000e+00
	-4.938738429206517e-04
	4.938738429206517e-04

 98	3.920000000000003e+00
	3.920000000000003e+00
	3.920000000000003e+00
	7.300000000000000e+00
	0.000000000000000e+00
	-4.970942659363496e-04
	4.970942659363496e-04

 99	3.960000000000003e+00
	3.960000000000003e+00
	3.960000000000003e+00
	7.300000000000000e+00
	0.000000000000000e+00
	-5.002765040561087e-04
	5.002765040561087e-04

 100	4.000000000000003e+00
	4.000000000000003e+00
	4.000000000000003e+00
	7.300000000000000e+00
	0.000000000000000e+00
	-5.034205572799289e-04
	5.034205572799289e-04

 101	4.040000000000003e+00
	4.040000000000003e+00
	4.040000000000003e+00
	7.300000000000000e+00
	0.000000000000000e+00
	-5.065264256078098e-04
	5.065264256078098e-04

 102	4.080000000000003e+00
	4.080000000000003e+00
	4.080000000000003e+00
	7.300000000000000e+00
	0.000000000000000e+00
	-5.095941090397520e-04
	5.095941090397520e-04

 103	4.120000000000003e+00
	4.120000000000003e+00
	4.120000000000003e+00
	7.300000000000000e+00
	0.000000000000000e+00
	-5.126236075757551e-04
	5.126236075757551e-04

 104	4.160000000000003e+00
	4.160000000000003e+00
	4.160000000000003e+00
	7.300000000000000e+00
	0.000000000000000e+00
	-5.156149212158194e-04
	5.156149212158194e-04

 105	4.200000000000003e+00
	4.200000000000003e+00
	4.200000000000003e+00
	7.300000000000000e+00
	0.000000000000000e+00
	-5.185680499599449e-04
	5.185680499599449e-04

 106	4.240000000000003e+00
	4.240000000000003e+00
	4.240000000000003e+00
	7.300000000000000e+00
	0.000000000000000e+00
	-5.214829938081310e-04
	5.214829938081310e-04

 107	4.280000000000003e+00
	4.280000000000003e+00
	4.280000000000003e+00
	7.300000000000000e+00
	0.000000000000000e+00
	-5.243597527603786e-04
	5.243597527603786e-04

 108	4.320000000000003e+00
	4.320000000000003e+00
	4.320000000000003e+00
	7.300000000000000e+00
	0.000000000000000e+00
	-5.271983268166870e-04
	5.271983268166870e-04

 109	4.360000000000003e+00
	4.360000000000003e+00
	4.360000000000003e+00
	7.300000000000000e+00
	0.000000000000000e+00
	-5.299987159770563e-04
	5.299987159770563e-04

 110	4.400000000000003e+00
	4.400000000000003e+00
	4.400000000000003e+00
	7.300000000000000e+00
	0.000000000000000e+00
	-5.327609202414868e-04
	5.327609202414868e-04

 111	4.440000000000003e+00
	4.440000000000003e+00
	4.440000000000003e+00
	7.300000000000000e+00
	0.000000000000000e+00
	-5.354849396099785e-04
	5.354849396099785e-04

 112	4.480000000000003e+00
	4.480000000000003e+00
	4.480000000000003e+00
	7.300000000000000e+00
	0.000000000000000e+00
	-5.381707740825312e-04
	5.381707740825312e-04

 113	4.520000000000003e+00
	4.520000000000003e+00
	4.520000000000003e+00
	7.300000000000000e+00
	0.000000000000000e+00
	-5.408184236591450e-04
	5.408184236591450e-04

 114	4.560000000000003e+00
	4.560000000000003e+00
	4.560000000000003e+00
	7.300000000000000e+00
	0.000000000000000e+00
	-5.434278883398195e-04
	5.434278883398195e-04

 115	4.600000000000003e+00
	4.600000000000003e+00
	4.600000000000003e+00
	7.300000000000000e+00
	0.000000000000000e+00
	-5.459991681245553e-04
	5.459991681245553e-04

 116	4.640000000000003e+00
	4.640000000000003e+00
	4.640000000000003e+00
	7.300000000000000e+00
	0.000000000000000e+00
	-5.485322630133522e-04
	5.485322630133522e-04

 117	4.680000000000003e+00
	4.680000000000003e+00
	4.680000000000003e+00
	7.300000000000000e+00
	0.000000000000000e+00
	-5.510271730062102e-04
	5.510271730062102e-04

 118	4.720000000000003e+00
	4.720000000000003e+00
	4.720000000000003e+00
	7.300000000000000e+00
	0.000000000000000e+00
	-5.534838981031290e-04
	5.534838981031290e-04

 119	4.760000000000003e+00
	4.760000000000003e+00
	4.760000000000003e+00
	7.300000000000000e+00
	0.000000000000000e+00
	-5.559024383041090e-04
	5.559024383041090e-04

 120	4.800000000000003e+00
	4.800000000000003e+00
	4.800000000000003e+00
	7.300000000000000e+00
	0.000000000000000e+00
	-5.582827936091500e-04
	5.582827936091500e-04

 121	4.840000000000003e+00
	4.840000000000003e+00
	4.840000000000003e+00
	7.300000000000000e+00
	0.000000000000000e+00
	-5.606249640182521e-04
	5.606249640182521e-04

 122	4.880000000000003e+00
	4.880000000000003e+00
	4.880000000000003e+00
	7.300000000000000e+00
	0.000000000000000e+00
	-5.629289495314152e-04
	5.629289495314152e-04

 123	4.920000000000003e+00
	4.920000000000003e+00
	4.920000000000003e+00
	7.300000000000000e+00
	0.000000000000000e+00
	-5.651947501486392e-04
	5.651947501486392e-04

 124	4.960000000000004e+00
	4.960000000000004e+00
	4.960000000000004e+00
	7.300000000000000e+00
	0.000000000000000e+00
	-5.674223658699246e-04
	5.674223658699246e-04

 125	5.000000000000004e+00
	5.000000000000004e+00
	5.000000000000004e+00
	7.300000000000000e+00
	0.000000000000000e+00
	-5.696117966952708e-04
	5.696117966952708e-04

 126	5.040000000000004e+00
	5.040000000000004e+00
	5.040000000000004e+00
	7.300000000000000e+00
	0.000000000000000e+00
	-5.717630426246780e-04
	5.717630426246780e-04

 127	5.080000000000004e+00
	5.080000000000004e+00
	5.080000000000004e+00
	7.300000000000000e+00
	0.000000000000000e+00
	-5.738761036581462e-04
	5.738761036581462e-04

 128	5.120000000000004e+00
	5.120000000000004e+00
	5.120000000000004e+00
	7.300000000000000e+00
	0.000000000000000e+00
	-5.759509797956758e-04
	5.759509797956758e-04

 129	5.160000000000004e+00
	5.160000000000004e+00
	5.160000000000004e+00
	7.300000000000000e+00
	0.000000000000000e+00
	-5.779876710372662e-04
	5.779876710372662e-04

 130	5.200000000000004e+00
	5.200000000000004e+00
	5.200000000000004e+00
	7.300000000000000e+00
	0.000000000000000e+00
	-5.799861773829175e-04
	5.799861773829175e-04

 131	5.240000000000004e+00
	5.240000000000004e+00
	5.240000000000004e+00
	7.300000000000000e+00
	0.000000000000000e+00
	-5.819464988326302e-04
	5.819464988326302e-04

 132	5.280000000000004e+00
	5.280000000000004e+00
	5.280000000000004e+00
	7.300000000000000e+00
	0.000000000000000e+00
	-5.838686353864038e-04
	5.838686353864038e-04

 133	5.320000000000004e+00
	5.320000000000004e+00
	5.320000000000004e+00
	7.300000000000000e+00
	0.000000000000000e+00
	-5.857525870442385e-04
	5.857525870442385e-04

 134	5.360000000000004e+00
	5.360000000000004e+00
	5.360000000000004e+00
	7.300000000000000e+00
	0.000000000000000e+00
	-5.875983538061339e-04
	5.875983538061339e-04

 135	5.400000000000004e+00
	5.400000000000004e+00
	5.400000000000004e+00
	7.300000000000000e+00
	0.000000000000000e+00
	-5.894059356720908e-04
	5.894059356720908e-04

 136	5.440000000000004e+00
	5.440000000000004e+00
	5.440000000000004e+00
	7.300000000000000e+00
	0.000000000000000e+00
	-5.911753326421085e-04
	5.911753326421085e-04

 137	5.480000000000004e+00
	5.480000000000004e+00
	5.480000000000004e+00
	7.300000000000000e+00
	0.000000000000000e+00
	-5.929065447161873e-04
	5.929065447161873e-04

 138	5.520000000000004e+00
	5.520000000000004e+00
	5.520000000000004e+00
	7.300000000000000e+00
	0.000000000000000e+00
	-5.945995718943269e-04
	5.945995718943269e-04

 139	5.560000000000004e+00
	5.560000000000004e+00
	5.560000000000004e+00
	7.300000000000000e+00
	0.000000000000000e+00
	-5.962544141765281e-04
	5.962544141765281e-04

 140	5.600000000000004e+00
	5.600000000000004e+00
	5.600000000000004e+00
	7.300000000000000e+00
	0.000000000000000e+00
	-5.978710715627901e-04
	5.978710715627901e-04

 141	5.640000000000004e+00
	5.640000000000004e+00
	5.640000000000004e+00
	7.300000000000000e+00
	0.000000000000000e+00
	-5.994495440531129e-04
	5.994495440531129e-04

 142	5.680000000000004e+00
	5.680000000000004e+00
	5.680000000000004e+00
	7.300000000000000e+00
	0.000000000000000e+00
	-6.009898316474969e-04
	6.009898316474969e-04

 143	5.720000000000004e+00
	5.720000000000004e+00
	5.720000000000004e+00
	7.300000000000000e+00
	0.000000000000000e+00
	-6.024919343459421e-04
	6.024919343459421e-04

 144	5.760000000000004e+00
	5.760000000000004e+00
	5.760000000000004e+00
	7.300000000000000e+00
	0.000000000000000e+00
	-6.039558521484484e-04
	6.039558521484484e-04

 145	5.800000000000004e+00
	5.800000000000004e+00
	5.800000000000004e+00
	7.300000000000000e+00
	0.000000000000000e+00
	-6.053815850550154e-04
	6.053815850550154e-04

 146	5.840000000000004e+00
	5.840000000000004e+00
	5.840000000000004e+00
	7.300000000000000e+00
	0.000000000000000e+00
	-6.067691330656436e-04
	6.067691330656436e-04

 147	5.880000000000004e+00
	5.880000000000004e+00
	5.880000000000004e+00
	7.300000000000000e+00
	0.000000000000000e+00
	-6.081184961803330e-04
	6.081184961803330e-04

 148	5.920000000000004e+00
	5.920000000000004e+00
	5.920000000000004e+00
	7.300000000000000e+00
	0.000000000000000e+00
	-6.094296743990833e-04
	6.094296743990833e-04

 149	5.960000000000004e+00
	5.960000000000004e+00
	5.960000000000004e+00
	7.300000000000000e+00
	0.000000000000000e+00
	-6.107026677218946e-04
	6.107026677218946e-04

 150	6.000000000000004e+00
	6.000000000000004e+00
	6.000000000000004e+00
	7.300000000000000e+00
	0.000000000000000e+00
	-6.119374761487670e-04
	6.119374761487670e-04

 151	6.040000000000004e+00
	6.040000000000004e+00
	6.040000000000004e+00
	7.300000000000000e+00
	0.000000000000000e+00
	-6.131340996797005e-04
	6.131340996797005e-04

 152	6.080000000000005e+00
	6.080000000000005e+00
	6.080000000000005e+00
	7.300000000000000e+00
	0.000000000000000e+00
	-6.142925383146951e-04
	6.142925383146951e-04

 153	6.120000000000005e+00
	6.120000000000005e+00
	6.120000000000005e+00
	7.300000000000000e+00
	0.000000000000000e+00
	-6.154127920537506e-04
	6.154127920537506e-04

 154	6.160000000000005e+00
	6.160000000000005e+00
	6.160000000000005e+00
	7.300000000000000e+00
	0.000000000000000e+00
	-6.164948608968671e-04
	6.164948608968671e-04

 155	6.200000000000005e+00
	6.200000000000005e+00
	6.200000000000005e+00
	7.300000000000000e+00
	0.000000000000000e+00
	-6.175387448440449e-04
	6.175387448440449e-04

 156	6.240000000000005e+00
	6.240000000000005e+00
	6.240000000000005e+00
	7.300000000000000e+00
	0.000000000000000e+00
	-6.185444438952835e-04
	6.185444438952835e-04

 157	6.280000000000005e+00
	6.280000000000005e+00
	6.280000000000005e+00
	7.300000000000000e+00
	0.000000000000000e+00
	-6.195119580505832e-04
	6.195119580505832e-04

 158	6.320000000000005e+00
	6.320000000000005e+00
	6.320000000000005e+00
	7.300000000000000e+00
	0.000000000000000e+00
	-6.204412873099440e-04
	6.204412873099440e-04

 159	6.360000000000005e+00
	6.360000000000005e+00
	6.360000000000005e+00
	7.300000000000000e+00
	0.000000000000000e+00
	-6.213324316733659e-04
	6.213324316733659e-04

 160	6.400000000000005e+00
	6.400000000000005e+00
	6.400000000000005e+00
	7.300000000000000e+00
	0.000000000000000e+00
	-6.221853911408488e-04
	6.221853911408488e-04

 161	6.440000000000005e+00
	6.440000000000005e+00
	6.440000000000005e+00
	7.300000000000000e+00
	0.000000000000000e+00
	-6.230001657123927e-04
	6.230001657123927e-04

 162	6.480000000000005e+00
	6.480000000000005e+00
	6.480000000000005e+00
	7.300000000000000e+00
	0.000000000000000e+00
	-6.237767553879976e-04
	6.237767553879976e-04

 163	6.520000000000005e+00
	6.520000000000005e+00
	6.520000000000005e+00
	7.300000000000000e+00
	0.000000000000000e+00
	-6.245151601676638e-04
	6.245151601676638e-04

 164	6.560000000000005e+00
	6.560000000000005e+00
	6.560000000000005e+00
	7.300000000000000e+00
	0.000000000000000e+00
	-6.252153800513907e-04
	6.252153800513907e-04

 165	6.600000000000005e+00
	6.600000000000005e+00
	6.600000000000005e+00
	7.300000000000000e+00
	0.000000000000000e+00
	-6.258774150391789e-04
	6.258774150391789e-04

 166	6.640000000000005e+00
	6.640000000000005e+00
	6.640000000000005e+00
	7.300000000000000e+00
	0.000000000000000e+00
	-6.265012651310281e-04
	6.265012651310281e-04

 167	6.680000000000005e+00
	6.680000000000005e+00
	6.680000000000005e+00
	7.300000000000000e+00
	0.000000000000000e+00
	-6.270869303269383e-04
	6.270869303269383e-04

 168	6.720000000000005e+00
	6.720000000000005e+00
	6.720000000000005e+00
	7.300000000000000e+00
	0.000000000000000e+00
	-6.276344106269094e-04
	6.276344106269094e-04

 169	6.760000000000005e+00
	6.760000000000005e+00
	6.760000000000005e+00
	7.300000000000000e+00
	0.000000000000000e+00
	-6.281437060309419e-04
	6.281437060309419e-04

 170	6.800000000000005e+00
	6.800000000000005e+00
	6.800000000000005e+00
	7.300000000000000e+00
	0.000000000000000e+00
	-6.286148165390353e-04
	6.286148165390353e-04

 171	6.840000000000005e+00
	6.840000000000005e+00
	6.840000000000005e+00
	7.300000000000000e+00
	0.000000000000000e+00
	-6.290477421511897e-04
	6.290477421511897e-04

 172	6.880000000000005e+00
	6.880000000000005e+00
	6.880000000000005e+00
	7.300000000000000e+00
	0.000000000000000e+00
	-6.294424828674052e-04
	6.294424828674052e-04

 173	6.920000000000005e+00
	6.920000000000005e+00
	6.920000000000005e+00
	7.300000000000000e+00
	0.000000000000000e+00
	-6.297990386876816e-04
	6.297990386876816e-04

 174	6.960000000000005e+00
	6.960000000000005e+00
	6.960000000000005e+00
	7.300000000000000e+00
	0.000000000000000e+00
	-6.301174096120191e-04
	6.301174096120191e-04

 175	7.000000000000005e+00
	7.000000000000005e+00
	7.000000000000005e+00
	7.300000000000000e+00
	0.000000000000000e+00
	-6.303975956404178e-04
	6.303975956404178e-04

 176	7.040000000000005e+00
	7.040000000000005e+00
	7.040000000000005e+00
	7.300000000000000e+00
	0.000000000000000e+00
	-6.306395967728773e-04
	6.306395967728773e-04

 177	7.080000000000005e+00
	7.080000000000005e+00
	7.080000000000005e+00
	7.300000000000000e+00
	0.000000000000000e+00
	-6.308434130093980e-04
	6.308434130093980e-04

 178	7.120000000000005e+00
	7.120000000000005e+00
	7.120000000000005e+00
	7.300000000000000e+00
	0.000000000000000e+00
	-6.310090443499797e-04
	6.310090443499797e-04

 179	7.160000000000005e+00
	7.160000000000005e+00
	7.160000000000005e+00
	7.300000000000000e+00
	0.000000000000000e+00
	-6.311364907946224e-04
	6.311364907946224e-04

 180	7.200000000000006e+00
	7.200000000000006e+00
	7.200000000000006e+00
	7.300000000000000e+00
	0.000000000000000e+00
	-6.312257523433264e-04
	6.312257523433264e-04

 181	7.240000000000006e+00
	7.240000000000006e+00
	7.240000000000006e+00
	7.300000000000000e+00
	0.000000000000000e+00
	-6.312768289960913e-04
	6.312768289960913e-04

 182	7.280000000000006e+00
	7.280000000000006e+00
	7.280000000000006e+00
	7.300000000000000e+00
	0.000000000000000e+00
	-6.312902242120175e-04
	6.312902242120175e-04

 183	7.320000000000006e+00
	7.320000000000006e+00
	7.320000000000006e+00
	7.300000000000000e+00
	0.000000000000000e+00
	-6.312902242520175e-04
	6.312902242520175e-04

 184	7.360000000000006e+00
	7.360000000000006e+00
	7.360000000000006e+00
	7.300000000000000e+00
	0.000000000000000e+00
	-6.312902242920175e-04
	6.312902242920175e-04

 185	7.400000000000006e+00
	7.400000000000006e+00
	7.400000000000006e+00
	7.300000000000000e+00
	0.000000000000000e+00
	-6.312902243320175e-04
	6.312902243320175e-04

 186	7.440000000000006e+00
	7.440000000000006e+00
	7.440000000000006e+00
	7.300000000000000e+00
	0.000000000000000e+00
	-6.312902243720176e-04
	6.312902243720176e-04

 187	7.480000000000006e+00
	7.480000000000006e+00
	7.480000000000006e+00
	7.300000000000000e+00
	0.000000000000000e+00
	-6.312902244120176e-04
	6.312902244120176e-04

 188	7.520000000000006e+00
	7.520000000000006e+00
	7.520000000000006e+00
	7.300000000000000e+00
	0.000000000000000e+00
	-6.312902244520176e-04
	6.312902244520176e-04

 189	7.560000000000006e+00
	7.560000000000006e+00
	7.560000000000006e+00
	7.300000000000000e+00
	0.000000000000000e+00
	-6.312902244920176e-04
	6.312902244920176e-04

 190	7.600000000000006e+00
	7.600000000000006e+00
	7.600000000000006e+00
	7.300000000000000e+00
	0.000000000000000e+00
	-6.312902245320175e-04
	6.312902245320175e-04

 191	7.640000000000006e+00
	7.640000000000006e+00
	7.640000000000006e+00
	7.300000000000000e+00
	0.000000000000000e+00
	-6.312902245720175e-04
	6.312902245720175e-04

 192	7.680000000000006e+00
	7.680000000000006e+00
	7.680000000000006e+00
	7.300000000000000e+00
	0.000000000000000e+00
	-6.312902246120175e-04
	6.312902246120175e-04

 193	7.720000000000006e+00
	7.720000000000006e+00
	7.720000000000006e+00
	7.300000000000000e+00
	0.000000000000000e+00
	-6.312902246520175e-04
	6.312902246520175e-04

 194	7.760000000000006e+00
	7.760000000000006e+00
	7.760000000000006e+00
	7.300000000000000e+00
	0.000000000000000e+00
	-6.312902246920176e-04
	6.312902246920176e-04

 195	7.800000000000006e+00
	7.800000000000006e+00
	7.800000000000006e+00
	7.300000000000000e+00
	0.000000000000000e+00
	-6.312902247320176e-04
	6.312902247320176e-04

 196	7.840000000000006e+00
	7.840000000000006e+00
	7.840000000000006e+00
	7.300000000000000e+00
	0.000000000000000e+00
	-6.312902247720176e-04
	6.312902247720176e-04

 197	7.880000000000006e+00
	7.880000000000006e+00
	7.880000000000006e+00
	7.300000000000000e+00
	0.000000000000000e+00
	-6.312902248120176e-04
	6.312902248120176e-04

 198	7.920000000000006e+00
	7.920000000000006e+00
	7.920000000000006e+00
	7.300000000000000e+00
	0.000000000000000e+00
	-6.312902248520176e-04
	6.312902248520176e-04

 199	7.960000000000006e+00
	7.960000000000006e+00
	7.960000000000006e+00
	7.300000000000000e+00
	0.000000000000000e+00
	-6.312902248920175e-04
	6.312902248920175e-04

 200	8.000000000000005e+00
	8.000000000000005e+00
	8.000000000000005e+00
	7.300000000000000e+00
	0.000000000000000e+00
	-6.312902249320175e-04
	6.312902249320175e-04

 201	8.040000000000004e+00
	8.040000000000004e+00
	8.040000000000004e+00
	7.300000000000000e+00
	0.000000000000000e+00
	-6.312902249720175e-04
	6.312902249720175e-04

 202	8.080000000000004e+00
	8.080000000000004e+00
	8.080000000000004e+00
	7.300000000000000e+00
	0.000000000000000e+00
	-6.312902250120175e-04
	6.312902250120175e-04

 203	8.120000000000003e+00
	8.120000000000003e+00
	8.120000000000003e+00
	7.300000000000000e+00
	0.000000000000000e+00
	-6.312902250520176e-04
	6.312902250520176e-04

 204	8.160000000000002e+00
	8.160000000000002e+00
	8.160000000000002e+00
	7.300000000000000e+00
	0.000000000000000e+00
	-6.312902250920176e-04
	6.312902250920176e-04

 205	8.200000000000001e+00
	8.200000000000001e+00
	8.200000000000001e+00
	7.300000000000000e+00
	0.000000000000000e+00
	-6.312902251320176e-04
	6.312902251320176e-04

 206	8.240000000000000e+00
	8.240000000000000e+00
	8.240000000000000e+00
	7.300000000000000e+00
	0.000000000000000e+00
	-6.312902251720176e-04
	6.312902251720176e-04

 207	8.279999999999999e+00
	8.279999999999999e+00
	8.279999999999999e+00
	7.300000000000000e+00
	0.000000000000000e+00
	-6.312902252120175e-04
	6.312902252120175e-04

 208	8.319999999999999e+00
	8.319999999999999e+00
	8.319999999999999e+00
	7.300000000000000e+00
	0.000000000000000e+00
	-6.312902252520175e-04
	6.312902252520175e-04

 209	8.359999999999998e+00
	8.359999999999998e+00
	8.359999999999998e+00
	7.300000000000000e+00
	0.000000000000000e+00
	-6.312902252920175e-04
	6.312902252920175e-04

 210	8.399999999999997e+00
	8.399999999999997e+00
	8.399999999999997e+00
	7.300000000000000e+00
	0.000000000000000e+00
	-6.312902253320175e-04
	6.312902253320175e-04

 211	8.439999999999996e+00
	8.439999999999996e+00
	8.439999999999996e+00
	7.300000000000000e+00
	0.000000000000000e+00
	-6.312902253720176e-04
	6.312902253720176e-04

 212	8.479999999999995e+00
	8.479999999999995e+00
	8.479999999999995e+00
	7.300000000000000e+00
	0.000000000000000e+00
	-6.312902254120176e-04
	6.312902254120176e-04

 213	8.519999999999994e+00
	8.519999999999994e+00
	8.519999999999994e+00
	7.300000000000000e+00
	0.000000000000000e+00
	-6.312902254520176e-04
	6.312902254520176e-04

 214	8.559999999999993e+00
	8.559999999999993e+00
	8.559999999999993e+00
	7.300000000000000e+00
	0.000000000000000e+00
	-6.312902254920176e-04
	6.312902254920176e-04

 215	8.599999999999993e+00
	8.599999999999993e+00
	8.599999999999993e+00
	7.300000000000000e+00
	0.000000000000000e+00
	-6.312902255320176e-04
	6.312902255320176e-04

 216	8.639999999999992e+00
	8.639999999999992e+00
	8.639999999999992e+00
	7.300000000000000e+00
	0.000000000000000e+00
	-6.312902255720175e-04
	6.312902255720175e-04

 217	8.679999999999991e+00
	8.679999999999991e+00
	8.679999999999991e+00
	7.300000000000000e+00
	0.000000000000000e+00
	-6.312902256120175e-04
	6.312902256120175e-04

 218	8.719999999999990e+00
	8.719999999999990e+00
	8.719999999999990e+00
	7.300000000000000e+00
	0.000000000000000e+00
	-6.312902256520175e-04
	6.312902256520175e-04

 219	8.759999999999989e+00
	8.759999999999989e+00
	8.759999999999989e+00
	7.300000000000000e+00
	0.000000000000000e+00
	-6.312902256920175e-04
	6.312902256920175e-04

 220	8.799999999999988e+00
	8.799999999999988e+00
	8.799999999999988e+00
	7.300000000000000e+00
	0.000000000000000e+00
	-6.312902257320176e-04
	6.312902257320176e-04

 221	8.839999999999987e+00
	8.839999999999987e+00
	8.839999999999987e+00
	7.300000000000000e+00
	0.000000000000000e+00
	-6.312902257720176e-04
	6.312902257720176e-04

 222	8.879999999999987e+00
	8.879999999999987e+00
	8.879999999999987e+00
	7.300000000000000e+00
	0.000000000000000e+00
	-6.312902258120176e-04
	6.312902258120176e-04

 223	8.919999999999986e+00
	8.919999999999986e+00
	8.919999999999986e+00
	7.300000000000000e+00
	0.000000000000000e+00
	-6.312902258520176e-04
	6.312902258520176e-04

 224	8.959999999999985e+00
	8.959999999999985e+00
	8.959999999999985e+00
	7.300000000000000e+00
	0.000000000000000e+00
	-6.312902258920175e-04
	6.312902258920175e-04

 225	8.999999999999984e+00
	8.999999999999984e+00
	8.999999999999984e+00
	7.300000000000000e+00
	0.000000000000000e+00
	-6.312902259320175e-04
	6.312902259320175e-04

 226	9.039999999999983e+00
	9.039999999999983e+00
	9.039999999999983e+00
	7.300000000000000e+00
	0.000000000000000e+00
	-6.312902259720175e-04
	6.312902259720175e-04

 227	9.079999999999982e+00
	9.079999999999982e+00
	9.079999999999982e+00
	7.300000000000000e+00
	0.000000000000000e+00
	-6.312902260120175e-04
	6.312902260120175e-04

 228	9.119999999999981e+00
	9.119999999999981e+00
	9.119999999999981e+00
	7.300000000000000e+00
	0.000000000000000e+00
	-6.312902260520176e-04
	6.312902260520176e-04

 229	9.159999999999981e+00
	9.159999999999981e+00
	9.159999999999981e+00
	7.300000000000000e+00
	0.000000000000000e+00
	-6.312902260920176e-04
	6.312902260920176e-04

 230	9.199999999999980e+00
	9.199999999999980e+00
	9.199999999999980e+00
	7.300000000000000e+00
	0.000000000000000e+00
	-6.312902261320176e-04
	6.312902261320176e-04

 231	9.239999999999979e+00
	9.239999999999979e+00
	9.239999999999979e+00
	7.300000000000000e+00
	0.000000000000000e+00
	-6.312902261720176e-04
	6.312902261720176e-04

 232	9.279999999999978e+00
	9.279999999999978e+00
	9.279999999999978e+00
	7.300000000000000e+00
	0.000000000000000e+00
	-6.312902262120176e-04
	6.312902262120176e-04

 233	9.319999999999977e+00
	9.319999999999977e+00
	9.319999999999977e+00
	7.300000000000000e+00
	0.000000000000000e+00
	-6.312902262520175e-04
	6.312902262520175e-04

 234	9.359999999999976e+00
	9.359999999999976e+00
	9.359999999999976e+00
	7.300000000000000e+00
	0.000000000000000e+00
	-6.312902262920175e-04
	6.312902262920175e-04

 235	9.399999999999975e+00
	9.399999999999975e+00
	9.399999999999975e+00
	7.300000000000000e+00
	0.000000000000000e+00
	-6.312902263320175e-04
	6.312902263320175e-04

 236	9.439999999999975e+00
	9.439999999999975e+00
	9.439999999999975e+00
	7.300000000000000e+00
	0.000000000000000e+00
	-6.312902263720175e-04
	6.312902263720175e-04

 237	9.479999999999974e+00
	9.479999999999974e+00
	9.479999999999974e+00
	7.300000000000000e+00
	0.000000000000000e+00
	-6.312902264120176e-04
	6.312902264120176e-04

 238	9.519999999999973e+00
	9.519999999999973e+00
	9.519999999999973e+00
	7.300000000000000e+00
	0.000000000000000e+00
	-6.312902264520176e-04
	6.312902264520176e-04

 239	9.559999999999972e+00
	9.559999999999972e+00
	9.559999999999972e+00
	7.300000000000000e+00
	0.000000000000000e+00
	-6.312902264920176e-04
	6.312902264920176e-04

 240	9.599999999999971e+00
	9.599999999999971e+00
	9.599999999999971e+00
	7.300000000000000e+00
	0.000000000000000e+00
	-6.312902265320176e-04
	6.312902265320176e-04

 241	9.639999999999970e+00
	9.639999999999970e+00
	9.639999999999970e+00
	7.300000000000000e+00
	0.000000000000000e+00
	-6.312902265720175e-04
	6.312902265720175e-04

 242	9.679999999999970e+00
	9.679999999999970e+00
	9.679999999999970e+00
	7.300000000000000e+00
	0.000000000000000e+00
	-6.312902266120175e-04
	6.312902266120175e-04

 243	9.719999999999969e+00
	9.719999999999969e+00
	9.719999999999969e+00
	7.300000000000000e+00
	0.000000000000000e+00
	-6.312902266520175e-04
	6.312902266520175e-04

 244	9.759999999999968e+00
	9.759999999999968e+00
	9.759999999999968e+00
	7.300000000000000e+00
	0.000000000000000e+00
	-6.312902266920175e-04
	6.312902266920175e-04

 245	9.799999999999967e+00
	9.799999999999967e+00
	9.799999999999967e+00
	7.300000000000000e+00
	0.000000000000000e+00
	-6.312902267320176e-04
	6.312902267320176e-04

 246	9.839999999999966e+00
	9.839999999999966e+00
	9.839999999999966e+00
	7.300000000000000e+00
	0.000000000000000e+00
	-6.312902267720176e-04
	6.312902267720176e-04

 247	9.879999999999965e+00
	9.879999999999965e+00
	9.879999999999965e+00
	7.300000000000000e+00
	0.000000000000000e+00
	-6.312902268120176e-04
	6.312902268120176e-04

 248	9.919999999999964e+00
	9.919999999999964e+00
	9.919999999999964e+00
	7.300000000000000e+00
	0.000000000000000e+00
	-6.312902268520176e-04
	6.312902268520176e-04

 249	9.959999999999964e+00
	9.959999999999964e+00
	9.959999999999964e+00
	7.300000000000000e+00
	0.000000000000000e+00
	-6.312902268920175e-04
	6.312902268920175e-04

 250	9.999999999999963e+00
	9.999999999999963e+00
	9.999999999999963e+00
	7.300000000000000e+00
	0.000000000000000e+00
	-6.312902269320175e-04
	6.312902269320175e-04

 251	1.003999999999996e+01
	1.003999999999996e+01
	1.003999999999996e+01
	7.300000000000000e+00
	0.000000000000000e+00
	-6.312902269720175e-04
	6.312902269720175e-04

 252	1.007999999999996e+01
	1.007999999999996e+01
	1.007999999999996e+01
	7.300000000000000e+00
	0.000000000000000e+00
	-6.312902270120175e-04
	6.312902270120175e-04

 253	1.011999999999996e+01
	1.011999999999996e+01
	1.011999999999996e+01
	7.300000000000000e+00
	0.000000000000000e+00
	-6.312902270520175e-04
	6.312902270520175e-04

 254	1.015999999999996e+01
	1.015999999999996e+01
	1.015999999999996e+01
	7.300000000000000e+00
	0.000000000000000e+00
	-6.312902270920176e-04
	6.312902270920176e-04

 255	1.019999999999996e+01
	1.019999999999996e+01
	1.019999999999996e+01
	7.300000000000000e+00
	0.000000000000000e+00
	-6.312902271320176e-04
	6.312902271320176e-04

 256	1.023999999999996e+01
	1.023999999999996e+01
	1.023999999999996e+01
	7.300000000000000e+00
	0.000000000000000e+00
	-6.312902271720176e-04
	6.312902271720176e-04

 257	1.027999999999996e+01
	1.027999999999996e+01
	1.027999999999996e+01
	7.300000000000000e+00
	0.000000000000000e+00
	-6.312902272120176e-04
	6.312902272120176e-04

 258	1.031999999999996e+01
	1.031999999999996e+01
	1.031999999999996e+01
	7.300000000000000e+00
	0.000000000000000e+00
	-6.312902272520175e-04
	6.312902272520175e-04

 259	1.035999999999996e+01
	1.035999999999996e+01
	1.035999999999996e+01
	7.300000000000000e+00
	0.000000000000000e+00
	-6.312902272920175e-04
	6.312902272920175e-04

 260	1.039999999999995e+01
	1.039999999999995e+01
	1.039999999999995e+01
	7.300000000000000e+00
	0.000000000000000e+00
	-6.312902273320175e-04
	6.312902273320175e-04

 261	1.043999999999995e+01
	1.043999999999995e+01
	1.043999999999995e+01
	7.300000000000000e+00
	0.000000000000000e+00
	-6.312902273720175e-04
	6.312902273720175e-04

 262	1.047999999999995e+01
	1.047999999999995e+01
	1.047999999999995e+01
	7.300000000000000e+00
	0.000000000000000e+00
	-6.312902274120176e-04
	6.312902274120176e-04

 263	1.051999999999995e+01
	1.051999999999995e+01
	1.051999999999995e+01
	7.300000000000000e+00
	0.000000000000000e+00
	-6.312902274520176e-04
	6.312902274520176e-04

 264	1.055999999999995e+01
	1.055999999999995e+01
	1.055999999999995e+01
	7.300000000000000e+00
	0.000000000000000e+00
	-6.312902274920176e-04
	6.312902274920176e-04

 265	1.059999999999995e+01
	1.059999999999995e+01
	1.059999999999995e+01
	7.300000000000000e+00
	0.000000000000000e+00
	-6.312902275320176e-04
	6.312902275320176e-04

 266	1.063999999999995e+01
	1.063999999999995e+01
	1.063999999999995e+01
	7.300000000000000e+00
	0.000000000000000e+00
	-6.312902275720175e-04
	6.312902275720175e-04

 267	1.067999999999995e+01
	1.067999999999995e+01
	1.067999999999995e+01
	7.300000000000000e+00
	0.000000000000000e+00
	-6.312902276120175e-04
	6.312902276120175e-04

 268	1.071999999999995e+01
	1.071999999999995e+01
	1.071999999999995e+01
	7.300000000000000e+00
	0.000000000000000e+00
	-6.312902276520175e-04
	6.312902276520175e-04

 269	1.075999999999995e+01
	1.075999999999995e+01
	1.075999999999995e+01
	7.300000000000000e+00
	0.000000000000000e+00
	-6.312902276920175e-04
	6.312902276920175e-04

 270	1.079999999999995e+01
	1.079999999999995e+01
	1.079999999999995e+01
	7.300000000000000e+00
	0.000000000000000e+00
	-6.312902277320176e-04
	6.312902277320176e-04

 271	1.083999999999994e+01
	1.083999999999994e+01
	1.083999999999994e+01
	7.300000000000000e+00
	0.000000000000000e+00
	-6.312902277720176e-04
	6.312902277720176e-04

 272	1.087999999999994e+01
	1.087999999999994e+01
	1.087999999999994e+01
	7.300000000000000e+00
	0.000000000000000e+00
	-6.312902278120176e-04
	6.312902278120176e-04

 273	1.091999999999994e+01
	1.091999999999994e+01
	1.091999999999994e+01
	7.300000000000000e+00
	0.000000000000000e+00
	-6.312902278520176e-04
	6.312902278520176e-04

 274	1.095999999999994e+01
	1.095999999999994e+01
	1.095999999999994e+01
	7.300000000000000e+00
	0.000000000000000e+00
	-6.312902278920176e-04
	6.312902278920176e-04

 275	1.099999999999994e+01
	1.099999999999994e+01
	1.099999999999994e+01
	7.300000000000000e+00
	0.000000000000000e+00
	-6.312902279320175e-04
	6.312902279320175e-04

 276	1.103999999999994e+01
	1.103999999999994e+01
	1.103999999999994e+01
	7.300000000000000e+00
	0.000000000000000e+00
	-6.312902279720175e-04
	6.312902279720175e-04

 277	1.107999999999994e+01
	1.107999999999994e+01
	1.107999999999994e+01
	7.300000000000000e+00
	0.000000000000000e+00
	-6.312902280120175e-04
	6.312902280120175e-04

 278	1.111999999999994e+01
	1.111999999999994e+01
	1.111999999999994e+01
	7.300000000000000e+00
	0.000000000000000e+00
	-6.312902280520175e-04
	6.312902280520175e-04

 279	1.115999999999994e+01
	1.115999999999994e+01
	1.115999999999994e+01
	7.300000000000000e+00
	0.000000000000000e+00
	-6.312902280920176e-04
	6.312902280920176e-04

 280	1.119999999999994e+01
	1.119999999999994e+01
	1.119999999999994e+01
	7.300000000000000e+00
	0.000000000000000e+00
	-6.312902281320176e-04
	6.312902281320176e-04

 281	1.123999999999994e+01
	1.123999999999994e+01
	1.123999999999994e+01
	7.300000000000000e+00
	0.000000000000000e+00
	-6.312902281720176e-04
	6.312902281720176e-04

 282	1.127999999999994e+01
	1.127999999999994e+01
	1.127999999999994e+01
	7.300000000000000e+00
	0.000000000000000e+00
	-6.312902282120176e-04
	6.312902282120176e-04

 283	1.131999999999993e+01
	1.131999999999993e+01
	1.131999999999993e+01
	7.300000000000000e+00
	0.000000000000000e+00
	-6.312902282520175e-04
	6.312902282520175e-04

 284	1.135999999999993e+01
	1.135999999999993e+01
	1.135999999999993e+01
	7.300000000000000e+00
	0.000000000000000e+00
	-6.312902282920175e-04
	6.312902282920175e-04

 285	1.139999999999993e+01
	1.139999999999993e+01
	1.139999999999993e+01
	7.300000000000000e+00
	0.000000000000000e+00
	-6.312902283320175e-04
	6.312902283320175e-04

 286	1.143999999999993e+01
	1.143999999999993e+01
	1.143999999999993e+01
	7.300000000000000e+00
	0.000000000000000e+00
	-6.312902283720175e-04
	6.312902283720175e-04

 287	1.147999999999993e+01
	1.147999999999993e+01
	1.147999999999993e+01
	7.300000000000000e+00
	0.000000000000000e+00
	-6.312902284120176e-04
	6.312902284120176e-04

 288	1.151999999999993e+01
	1.151999999999993e+01
	1.151999999999993e+01
	7.300000000000000e+00
	0.000000000000000e+00
	-6.312902284520176e-04
	6.312902284520176e-04

 289	1.155999999999993e+01
	1.155999999999993e+01
	1.155999999999993e+01
	7.300000000000000e+00
	0.000000000000000e+00
	-6.312902284920176e-04
	6.312902284920176e-04

 290	1.159999999999993e+01
	1.159999999999993e+01
	1.159999999999993e+01
	7.300000000000000e+00
	0.000000000000000e+00
	-6.312902285320176e-04
	6.312902285320176e-04

 291	1.163999999999993e+01
	1.163999999999993e+01
	1.163999999999993e+01
	7.300000000000000e+00
	0.000000000000000e+00
	-6.312902285720176e-04
	6.312902285720176e-04

 292	1.167999999999993e+01
	1.167999999999993e+01
	1.167999999999993e+01
	7.300000000000000e+00
	0.000000000000000e+00
	-6.312902286120175e-04
	6.312902286120175e-04

 293	1.171999999999993e+01
	1.171999999999993e+01
	1.171999999999993e+01
	7.300000000000000e+00
	0.000000000000000e+00
	-6.312902286520175e-04
	6.312902286520175e-04

 294	1.175999999999993e+01
	1.175999999999993e+01
	1.175999999999993e+01
	7.300000000000000e+00
	0.000000000000000e+00
	-6.312902286920175e-04
	6.312902286920175e-04

 295	1.179999999999992e+01
	1.179999999999992e+01
	1.179999999999992e+01
	7.300000000000000e+00
	0.000000000000000e+00
	-6.312902287320175e-04
	6.312902287320175e-04

 296	1.183999999999992e+01
	1.183999999999992e+01
	1.183999999999992e+01
	7.300000000000000e+00
	0.000000000000000e+00
	-6.312902287720176e-04
	6.312902287720176e-04

 297	1.187999999999992e+01
	1.187999999999992e+01
	1.187999999999992e+01
	7.300000000000000e+00
	0.000000000000000e+00
	-6.312902288120176e-04
	6.312902288120176e-04

 298	1.191999999999992e+01
	1.191999999999992e+01
	1.191999999999992e+01
	7.300000000000000e+00
	0.000000000000000e+00
	-6.312902288520176e-04
	6.312902288520176e-04

 299	1.195999999999992e+01
	1.195999999999992e+01
	1.195999999999992e+01
	7.300000000000000e+00
	0.000000000000000e+00
	-6.312902288920176e-04
	6.312902288920176e-04

 300	1.199999999999992e+01
	1.199999999999992e+01
	1.199999999999992e+01
	7.300000000000000e+00
	0.000000000000000e+00
	-6.312902289320175e-04
	6.312902289320175e-04

 301	1.203999999999992e+01
	1.203999999999992e+01
	1.203999999999992e+01
	7.300000000000000e+00
	0.000000000000000e+00
	-6.312902289720175e-04
	6.312902289720175e-04

 302	1.207999999999992e+01
	1.207999999999992e+01
	1.207999999999992e+01
	7.300000000000000e+00
	0.000000000000000e+00
	-6.312902290120175e-04
	6.312902290120175e-04

 303	1.211999999999992e+01
	1.211999999999992e+01
	1.211999999999992e+01
	7.300000000000000e+00
	0.000000000000000e+00
	-6.312902290520175e-04
	6.312902290520175e-04

 304	1.215999999999992e+01
	1.215999999999992e+01
	1.215999999999992e+01
	7.300000000000000e+00
	0.000000000000000e+00
	-6.312902290920176e-04
	6.312902290920176e-04

 305	1.219999999999992e+01
	1.219999999999992e+01
	1.219999999999992e+01
	7.300000000000000e+00
	0.000000000000000e+00
	-6.312902291320176e-04
	6.312902291320176e-04

 306	1.223999999999991e+01
	1.223999999999991e+01
	1.223999999999991e+01
	7.300000000000000e+00
	0.000000000000000e+00
	-6.312902291720176e-04
	6.312902291720176e-04

 307	1.227999999999991e+01
	1.227999999999991e+01
	1.227999999999991e+01
	7.300000000000000e+00
	0.000000000000000e+00
	-6.312902292120176e-04
	6.312902292120176e-04

 308	1.231999999999991e+01
	1.231999999999991e+01
	1.231999999999991e+01
	7.300000000000000e+00
	0.000000000000000e+00
	-6.312902292520175e-04
	6.312902292520175e-04

 309	1.235999999999991e+01
	1.235999999999991e+01
	1.235999999999991e+01
	7.300000000000000e+00
	0.000000000000000e+00
	-6.312902292920175e-04
	6.312902292920175e-04

 310	1.239999999999991e+01
	1.239999999999991e+01
	1.239999999999991e+01
	7.300000000000000e+00
	0.000000000000000e+00
	-6.312902293320175e-04
	6.312902293320175e-04

 311	1.243999999999991e+01
	1.243999999999991e+01
	1.243999999999991e+01
	7.300000000000000e+00
	0.000000000000000e+00
	-6.312902293720175e-04
	6.312902293720175e-04

 312	1.247999999999991e+01
	1.247999999999991e+01
	1.247999999999991e+01
	7.300000000000000e+00
	0.000000000000000e+00
	-6.312902294120175e-04
	6.312902294120175e-04

 313	1.251999999999991e+01
	1.251999999999991e+01
	1.251999999999991e+01
	7.300000000000000e+00
	0.000000000000000e+00
	-6.312902294520176e-04
	6.312902294520176e-04

 314	1.255999999999991e+01
	1.255999999999991e+01
	1.255999999999991e+01
	7.300000000000000e+00
	0.000000000000000e+00
	-6.312902294920176e-04
	6.312902294920176e-04

 315	1.259999999999991e+01
	1.259999999999991e+01
	1.259999999999991e+01
	7.300000000000000e+00
	0.000000000000000e+00
	-6.312902295320176e-04
	6.312902295320176e-04

 316	1.263999999999991e+01
	1.263999999999991e+01
	1.263999999999991e+01
	7.300000000000000e+00
	0.000000000000000e+00
	-6.312902295720176e-04
	6.312902295720176e-04

 317	1.267999999999991e+01
	1.267999999999991e+01
	1.267999999999991e+01
	7.300000000000000e+00
	0.000000000000000e+00
	-6.312902296120175e-04
	6.312902296120175e-04

 318	1.271999999999990e+01
	1.271999999999990e+01
	1.271999999999990e+01
	7.300000000000000e+00
	0.000000000000000e+00
	-6.312902296520175e-04
	6.312902296520175e-04

 319	1.275999999999990e+01
	1.275999999999990e+01
	1.275999999999990e+01
	7.300000000000000e+00
	0.000000000000000e+00
	-6.312902296920175e-04
	6.312902296920175e-04

 320	1.279999999999990e+01
	1.279999999999990e+01
	1.279999999999990e+01
	7.300000000000000e+00
	0.000000000000000e+00
	-6.312902297320175e-04
	6.312902297320175e-04

 321	1.283999999999990e+01
	1.283999999999990e+01
	1.283999999999990e+01
	7.300000000000000e+00
	0.000000000000000e+00
	-6.312902297720176e-04
	6.312902297720176e-04

 322	1.287999999999990e+01
	1.287999999999990e+01
	1.287999999999990e+01
	7.300000000000000e+00
	0.000000000000000e+00
	-6.312902298120176e-04
	6.312902298120176e-04

 323	1.291999999999990e+01
	1.291999999999990e+01
	1.291999999999990e+01
	7.300000000000000e+00
	0.000000000000000e+00
	-6.312902298520176e-04
	6.312902298520176e-04

 324	1.295999999999990e+01
	1.295999999999990e+01
	1.295999999999990e+01
	7.300000000000000e+00
	0.000000000000000e+00
	-6.312902298920176e-04
	6.312902298920176e-04

 325	1.299999999999990e+01
	1.299999999999990e+01
	1.299999999999990e+01
	7.300000000000000e+00
	0.000000000000000e+00
	-6.312902299320175e-04
	6.312902299320175e-04

 326	1.303999999999990e+01
	1.303999999999990e+01
	1.303999999999990e+01
	7.300000000000000e+00
	0.000000000000000e+00
	-6.312902299720175e-04
	6.312902299720175e-04

 327	1.307999999999990e+01
	1.307999999999990e+01
	1.307999999999990e+01
	7.300000000000000e+00
	0.000000000000000e+00
	-6.312902300120175e-04
	6.312902300120175e-04

 328	1.311999999999990e+01
	1.311999999999990e+01
	1.311999999999990e+01
	7.300000000000000e+00
	0.000000000000000e+00
	-6.312902300520175e-04
	6.312902300520175e-04

 329	1.315999999999990e+01
	1.315999999999990e+01
	1.315999999999990e+01
	7.300000000000000e+00
	0.000000000000000e+00
	-6.312902300920176e-04
	6.312902300920176e-04

 330	1.319999999999989e+01
	1.319999999999989e+01
	1.319999999999989e+01
	7.300000000000000e+00
	0.000000000000000e+00
	-6.312902301320176e-04
	6.312902301320176e-04

 331	1.323999999999989e+01
	1.323999999999989e+01
	1.323999999999989e+01
	7.300000000000000e+00
	0.000000000000000e+00
	-6.312902301720176e-04
	6.312902301720176e-04

 332	1.327999999999989e+01
	1.327999999999989e+01
	1.327999999999989e+01
	7.300000000000000e+00
	0.000000000000000e+00
	-6.312902302120176e-04
	6.312902302120176e-04

 333	1.331999999999989e+01
	1.331999999999989e+01
	1.331999999999989e+01
	7.300000000000000e+00
	0.000000000000000e+00
	-6.312902302520176e-04
	6.312902302520176e-04

 334	1.335999999999989e+01
	1.335999999999989e+01
	1.335999999999989e+01
	7.300000000000000e+00
	0.000000000000000e+00
	-6.312902302920175e-04
	6.312902302920175e-04

 335	1.339999999999989e+01
	1.339999999999989e+01
	1.339999999999989e+01
	7.300000000000000e+00
	0.000000000000000e+00
	-6.312902303320175e-04
	6.312902303320175e-04

 336	1.343999999999989e+01
	1.343999999999989e+01
	1.343999999999989e+01
	7.300000000000000e+00
	0.000000000000000e+00
	-6.312902303720175e-04
	6.312902303720175e-04

 337	1.347999999999989e+01
	1.347999999999989e+01
	1.347999999999989e+01
	7.300000000000000e+00
	0.000000000000000e+00
	-6.312902304120175e-04
	6.312902304120175e-04

 338	1.351999999999989e+01
	1.351999999999989e+01
	1.351999999999989e+01
	7.300000000000000e+00
	0.000000000000000e+00
	-6.312902304520176e-04
	6.312902304520176e-04

 339	1.355999999999989e+01
	1.355999999999989e+01
	1.355999999999989e+01
	7.300000000000000e+00
	0.000000000000000e+00
	-6.312902304920176e-04
	6.312902304920176e-04

 340	1.359999999999989e+01
	1.359999999999989e+01
	1.359999999999989e+01
	7.300000000000000e+00
	0.000000000000000e+00
	-6.312902305320176e-04
	6.312902305320176e-04

 341	1.363999999999989e+01
	1.363999999999989e+01
	1.363999999999989e+01
	7.300000000000000e+00
	0.000000000000000e+00
	-6.312902305720176e-04
	6.312902305720176e-04

 342	1.367999999999988e+01
	1.367999999999988e+01
	1.367999999999988e+01
	7.300000000000000e+00
	0.000000000000000e+00
	-6.312902306120175e-04
	6.312902306120175e-04

 343	1.371999999999988e+01
	1.371999999999988e+01
	1.371999999999988e+01
	7.300000000000000e+00
	0.000000000000000e+00
	-6.312902306520175e-04
	6.312902306520175e-04

 344	1.375999999999988e+01
	1.375999999999988e+01
	1.375999999999988e+01
	7.300000000000000e+00
	0.000000000000000e+00
	-6.312902306920175e-04
	6.312902306920175e-04

 345	1.379999999999988e+01
	1.379999999999988e+01
	1.379999999999988e+01
	7.300000000000000e+00
	0.000000000000000e+00
	-6.312902307320175e-04
	6.312902307320175e-04

 346	1.383999999999988e+01
	1.383999999999988e+01
	1.383999999999988e+01
	7.300000000000000e+00
	0.000000000000000e+00
	-6.312902307720176e-04
	6.312902307720176e-04

 347	1.387999999999988e+01
	1.387999999999988e+01
	1.387999999999988e+01
	7.300000000000000e+00
	0.000000000000000e+00
	-6.312902308120176e-04
	6.312902308120176e-04

 348	1.391999999999988e+01
	1.391999999999988e+01
	1.391999999999988e+01
	7.300000000000000e+00
	0.000000000000000e+00
	-6.312902308520176e-04
	6.312902308520176e-04

 349	1.395999999999988e+01
	1.395999999999988e+01
	1.395999999999988e+01
	7.300000000000000e+00
	0.000000000000000e+00
	-6.312902308920176e-04
	6.312902308920176e-04

 350	1.399999999999988e+01
	1.399999999999988e+01
	1.399999999999988e+01
	7.300000000000000e+00
	0.000000000000000e+00
	-6.312902309320176e-04
	6.312902309320176e-04

 351	1.403999999999988e+01
	1.403999999999988e+01
	1.403999999999988e+01
	7.300000000000000e+00
	0.000000000000000e+00
	-6.312902309720175e-04
	6.312902309720175e-04

 352	1.407999999999988e+01
	1.407999999999988e+01
	1.407999999999988e+01
	7.300000000000000e+00
	0.000000000000000e+00
	-6.312902310120175e-04
	6.312902310120175e-04

 353	1.411999999999987e+01
	1.411999999999987e+01
	1.411999999999987e+01
	7.300000000000000e+00
	0.000000000000000e+00
	-6.312902310520175e-04
	6.312902310520175e-04

 354	1.415999999999987e+01
	1.415999999999987e+01
	1.415999999999987e+01
	7.300000000000000e+00
	0.000000000000000e+00
	-6.312902310920175e-04
	6.312902310920175e-04

 355	1.419999999999987e+01
	1.419999999999987e+01
	1.419999999999987e+01
	7.300000000000000e+00
	0.000000000000000e+00
	-6.312902311320176e-04
	6.312902311320176e-04

 356	1.423999999999987e+01
	1.423999999999987e+01
	1.423999999999987e+01
	7.300000000000000e+00
	0.000000000000000e+00
	-6.312902311720176e-04
	6.312902311720176e-04

 357	1.427999999999987e+01
	1.427999999999987e+01
	1.427999999999987e+01
	7.300000000000000e+00
	0.000000000000000e+00
	-6.312902312120176e-04
	6.312902312120176e-04

 358	1.431999999999987e+01
	1.431999999999987e+01
	1.431999999999987e+01
	7.300000000000000e+00
	0.000000000000000e+00
	-6.312902312520176e-04
	6.312902312520176e-04

 359	1.435999999999987e+01
	1.435999999999987e+01
	1.435999999999987e+01
	7.300000000000000e+00
	0.000000000000000e+00
	-6.312902312920175e-04
	6.312902312920175e-04

 360	1.439999999999987e+01
	1.439999999999987e+01
	1.439999999999987e+01
	7.300000000000000e+00
	0.000000000000000e+00
	-6.312902313320175e-04
	6.312902313320175e-04

 361	1.443999999999987e+01
	1.443999999999987e+01
	1.443999999999987e+01
	7.300000000000000e+00
	0.000000000000000e+00
	-6.312902313720175e-04
	6.312902313720175e-04

 362	1.447999999999987e+01
	1.447999999999987e+01
	1.447999999999987e+01
	7.300000000000000e+00
	0.000000000000000e+00
	-6.312902314120175e-04
	6.312902314120175e-04

 363	1.451999999999987e+01
	1.451999999999987e+01
	1.451999999999987e+01
	7.300000000000000e+00
	0.000000000000000e+00
	-6.312902314520176e-04
	6.312902314520176e-04

 364	1.455999999999987e+01
	1.455999999999987e+01
	1.455999999999987e+01
	7.300000000000000e+00
	0.000000000000000e+00
	-6.312902314920176e-04
	6.312902314920176e-04

 365	1.459999999999986e+01
	1.459999999999986e+01
	1.459999999999986e+01
	7.300000000000000e+00
	0.000000000000000e+00
	-6.312902315320176e-04
	6.312902315320176e-04

 366	1.463999999999986e+01
	1.463999999999986e+01
	1.463999999999986e+01
	7.300000000000000e+00
	0.000000000000000e+00
	-6.312902315720176e-04
	6.312902315720176e-04

 367	1.467999999999986e+01
	1.467999999999986e+01
	1.467999999999986e+01
	7.300000000000000e+00
	0.000000000000000e+00
	-6.312902316120176e-04
	6.312902316120176e-04

 368	1.471999999999986e+01
	1.471999999999986e+01
	1.471999999999986e+01
	7.300000000000000e+00
	0.000000000000000e+00
	-6.312902316520175e-04
	6.312902316520175e-04

 369	1.475999999999986e+01
	1.475999999999986e+01
	1.475999999999986e+01
	7.300000000000000e+00
	0.000000000000000e+00
	-6.312902316920175e-04
	6.312902316920175e-04

 370	1.479999999999986e+01
	1.479999999999986e+01
	1.479999999999986e+01
	7.300000000000000e+00
	0.000000000000000e+00
	-6.312902317320175e-04
	6.312902317320175e-04

 371	1.483999999999986e+01
	1.483999999999986e+01
	1.483999999999986e+01
	7.300000000000000e+00
	0.000000000000000e+00
	-6.312902317720175e-04
	6.312902317720175e-04

 372	1.487999999999986e+01
	1.487999999999986e+01
	1.487999999999986e+01
	7.300000000000000e+00
	0.000000000000000e+00
	-6.312902318120176e-04
	6.312902318120176e-04

 373	1.491999999999986e+01
	1.491999999999986e+01
	1.491999999999986e+01
	7.300000000000000e+00
	0.000000000000000e+00
	-6.312902318520176e-04
	6.312902318520176e-04

 374	1.495999999999986e+01
	1.495999999999986e+01
	1.495999999999986e+01
	7.300000000000000e+00
	0.000000000000000e+00
	-6.312902318920176e-04
	6.312902318920176e-04

 375	1.499999999999986e+01
	1.499999999999986e+01
	1.499999999999986e+01
	7.300000000000000e+00
	0.000000000000000e+00
	-6.312902319320176e-04
	6.312902319320176e-04

 376	1.503999999999986e+01
	1.503999999999986e+01
	1.503999999999986e+01
	7.300000000000000e+00
	0.000000000000000e+00
	-6.312902319720175e-04
	6.312902319720175e-04

 377	1.507999999999985e+01
	1.507999999999985e+01
	1.507999999999985e+01
	7.300000000000000e+00
	0.000000000000000e+00
	-6.312902320120175e-04
	6.312902320120175e-04

 378	1.511999999999985e+01
	1.511999999999985e+01
	1.511999999999985e+01
	7.300000000000000e+00
	0.000000000000000e+00
	-6.312902320520175e-04
	6.312902320520175e-04

 379	1.515999999999985e+01
	1.515999999999985e+01
	1.515999999999985e+01
	7.300000000000000e+00
	0.000000000000000e+00
	-6.312902320920175e-04
	6.312902320920175e-04

 380	1.519999999999985e+01
	1.519999999999985e+01
	1.519999999999985e+01
	7.300000000000000e+00
	0.000000000000000e+00
	-6.312902321320176e-04
	6.312902321320176e-04

 381	1.523999999999985e+01
	1.523999999999985e+01
	1.523999999999985e+01
	7.300000000000000e+00
	0.000000000000000e+00
	-6.312902321720176e-04
	6.312902321720176e-04

 382	1.527999999999985e+01
	1.527999999999985e+01
	1.527999999999985e+01
	7.300000000000000e+00
	0.000000000000000e+00
	-6.312902322120176e-04
	6.312902322120176e-04

 383	1.531999999999985e+01
	1.531999999999985e+01
	1.531999999999985e+01
	7.300000000000000e+00
	0.000000000000000e+00
	-6.312902322520176e-04
	6.312902322520176e-04

 384	1.535999999999985e+01
	1.535999999999985e+01
	1.535999999999985e+01
	7.300000000000000e+00
	0.000000000000000e+00
	-6.312902322920175e-04
	6.312902322920175e-04

 385	1.539999999999985e+01
	1.539999999999985e+01
	1.539999999999985e+01
	7.300000000000000e+00
	0.000000000000000e+00
	-6.312902323320175e-04
	6.312902323320175e-04

 386	1.543999999999985e+01
	1.543999999999985e+01
	1.543999999999985e+01
	7.300000000000000e+00
	0.000000000000000e+00
	-6.312902323720175e-04
	6.312902323720175e-04

 387	1.547999999999985e+01
	1.547999999999985e+01
	1.547999999999985e+01
	7.300000000000000e+00
	0.000000000000000e+00
	-6.312902324120175e-04
	6.312902324120175e-04

 388	1.551999999999985e+01
	1.551999999999985e+01
	1.551999999999985e+01
	7.300000000000000e+00
	0.000000000000000e+00
	-6.312902324520175e-04
	6.312902324520175e-04

 389	1.555999999999984e+01
	1.555999999999984e+01
	1.555999999999984e+01
	7.300000000000000e+00
	0.000000000000000e+00
	-6.312902324920176e-04
	6.312902324920176e-04

 390	1.559999999999984e+01
	1.559999999999984e+01
	1.559999999999984e+01
	7.300000000000000e+00
	0.000000000000000e+00
	-6.312902325320176e-04
	6.312902325320176e-04

 391	1.563999999999984e+01
	1.563999999999984e+01
	1.563999999999984e+01
	7.300000000000000e+00
	0.000000000000000e+00
	-6.312902325720176e-04
	6.312902325720176e-04

 392	1.567999999999984e+01
	1.567999999999984e+01
	1.567999999999984e+01
	7.300000000000000e+00
	0.000000000000000e+00
	-6.312902326120176e-04
	6.312902326120176e-04

 393	1.571999999999984e+01
	1.571999999999984e+01
	1.571999999999984e+01
	7.300000000000000e+00
	0.000000000000000e+00
	-6.312902326520175e-04
	6.312902326520175e-04

 394	1.575999999999984e+01
	1.575999999999984e+01
	1.575999999999984e+01
	7.300000000000000e+00
	0.000000000000000e+00
	-6.312902326920175e-04
	6.312902326920175e-04

 395	1.579999999999984e+01
	1.579999999999984e+01
	1.579999999999984e+01
	7.300000000000000e+00
	0.000000000000000e+00
	-6.312902327320175e-04
	6.312902327320175e-04

 396	1.583999999999984e+01
	1.583999999999984e+01
	1.583999999999984e+01
	7.300000000000000e+00
	0.000000000000000e+00
	-6.312902327720175e-04
	6.312902327720175e-04

 397	1.587999999999984e+01
	1.587999999999984e+01
	1.587999999999984e+01
	7.300000000000000e+00
	0.000000000000000e+00
	-6.312902328120176e-04
	6.312902328120176e-04

 398	1.591999999999984e+01
	1.591999999999984e+01
	1.591999999999984e+01
	7.300000000000000e+00
	0.000000000000000e+00
	-6.312902328520176e-04
	6.312902328520176e-04

 399	1.595999999999984e+01
	1.595999999999984e+01
	1.595999999999984e+01
	7.300000000000000e+00
	0.000000000000000e+00
	-6.312902328920176e-04
	6.312902328920176e-04

 400	1.599999999999983e+01
	1.599999999999983e+01
	1.599999999999983e+01
	7.300000000000000e+00
	0.000000000000000e+00
	-6.312902329320176e-04
	6.312902329320176e-04

 401	1.603999999999984e+01
	1.603999999999984e+01
	1.603999999999984e+01
	7.300000000000000e+00
	0.000000000000000e+00
	-6.312902329720175e-04
	6.312902329720175e-04

 402	1.607999999999983e+01
	1.607999999999983e+01
	1.607999999999983e+01
	7.300000000000000e+00
	0.000000000000000e+00
	-6.312902330120175e-04
	6.312902330120175e-04

 403	1.611999999999983e+01
	1.611999999999983e+01
	1.611999999999983e+01
	7.300000000000000e+00
	0.000000000000000e+00
	-6.312902330520175e-04
	6.312902330520175e-04

 404	1.615999999999983e+01
	1.615999999999983e+01
	1.615999999999983e+01
	7.300000000000000e+00
	0.000000000000000e+00
	-6.312902330920175e-04
	6.312902330920175e-04

 405	1.619999999999983e+01
	1.619999999999983e+01
	1.619999999999983e+01
	7.300000000000000e+00
	0.000000000000000e+00
	-6.312902331320176e-04
	6.312902331320176e-04

 406	1.623999999999983e+01
	1.623999999999983e+01
	1.623999999999983e+01
	7.300000000000000e+00
	0.000000000000000e+00
	-6.312902331720176e-04
	6.312902331720176e-04

 407	1.627999999999983e+01
	1.627999999999983e+01
	1.627999999999983e+01
	7.300000000000000e+00
	0.000000000000000e+00
	-6.312902332120176e-04
	6.312902332120176e-04

 408	1.631999999999983e+01
	1.631999999999983e+01
	1.631999999999983e+01
	7.300000000000000e+00
	0.000000000000000e+00
	-6.312902332520176e-04
	6.312902332520176e-04

 409	1.635999999999983e+01
	1.635999999999983e+01
	1.635999999999983e+01
	7.300000000000000e+00
	0.000000000000000e+00
	-6.312902332920176e-04
	6.312902332920176e-04

 410	1.639999999999983e+01
	1.639999999999983e+01
	1.639999999999983e+01
	7.300000000000000e+00
	0.000000000000000e+00
	-6.312902333320175e-04
	6.312902333320175e-04

 411	1.643999999999983e+01
	1.643999999999983e+01
	1.643999999999983e+01
	7.300000000000000e+00
	0.000000000000000e+00
	-6.312902333720175e-04
	6.312902333720175e-04

 412	1.647999999999983e+01
	1.647999999999983e+01
	1.647999999999983e+01
	7.300000000000000e+00
	0.000000000000000e+00
	-6.312902334120175e-04
	6.312902334120175e-04

 413	1.651999999999983e+01
	1.651999999999983e+01
	1.651999999999983e+01
	7.300000000000000e+00
	0.000000000000000e+00
	-6.312902334520175e-04
	6.312902334520175e-04

 414	1.655999999999982e+01
	1.655999999999982e+01
	1.655999999999982e+01
	7.300000000000000e+00
	0.000000000000000e+00
	-6.312902334920176e-04
	6.312902334920176e-04

 415	1.659999999999982e+01
	1.659999999999982e+01
	1.659999999999982e+01
	7.300000000000000e+00
	0.000000000000000e+00
	-6.312902335320176e-04
	6.312902335320176e-04

 416	1.663999999999982e+01
	1.663999999999982e+01
	1.663999999999982e+01
	7.300000000000000e+00
	0.000000000000000e+00
	-6.312902335720176e-04
	6.312902335720176e-04

 417	1.667999999999982e+01
	1.667999999999982e+01
	1.667999999999982e+01
	7.300000000000000e+00
	0.000000000000000e+00
	-6.312902336120176e-04
	6.312902336120176e-04

 418	1.671999999999982e+01
	1.671999999999982e+01
	1.671999999999982e+01
	7.300000000000000e+00
	0.000000000000000e+00
	-6.312902336520175e-04
	6.312902336520175e-04

 419	1.675999999999982e+01
	1.675999999999982e+01
	1.675999999999982e+01
	7.300000000000000e+00
	0.000000000000000e+00
	-6.312902336920175e-04
	6.312902336920175e-04

 420	1.679999999999982e+01
	1.679999999999982e+01
	1.679999999999982e+01
	7.300000000000000e+00
	0.000000000000000e+00
	-6.312902337320175e-04
	6.312902337320175e-04

 421	1.683999999999982e+01
	1.683999999999982e+01
	1.683999999999982e+01
	7.300000000000000e+00
	0.000000000000000e+00
	-6.312902337720175e-04
	6.312902337720175e-04

 422	1.687999999999982e+01
	1.687999999999982e+01
	1.687999999999982e+01
	7.300000000000000e+00
	0.000000000000000e+00
	-6.312902338120176e-04
	6.312902338120176e-04

 423	1.691999999999982e+01
	1.691999999999982e+01
	1.691999999999982e+01
	7.300000000000000e+00
	0.000000000000000e+00
	-6.312902338520176e-04
	6.312902338520176e-04

 424	1.695999999999982e+01
	1.695999999999982e+01
	1.695999999999982e+01
	7.300000000000000e+00
	0.000000000000000e+00
	-6.312902338920176e-04
	6.312902338920176e-04

 425	1.699999999999982e+01
	1.699999999999982e+01
	1.699999999999982e+01
	7.300000000000000e+00
	0.000000000000000e+00
	-6.312902339320176e-04
	6.312902339320176e-04

 426	1.703999999999981e+01
	1.703999999999981e+01
	1.703999999999981e+01
	7.300000000000000e+00
	0.000000000000000e+00
	-6.312902339720176e-04
	6.312902339720176e-04

 427	1.707999999999981e+01
	1.707999999999981e+01
	1.707999999999981e+01
	7.300000000000000e+00
	0.000000000000000e+00
	-6.312902340120175e-04
	6.312902340120175e-04

 428	1.711999999999981e+01
	1.711999999999981e+01
	1.711999999999981e+01
	7.300000000000000e+00
	0.000000000000000e+00
	-6.312902340520175e-04
	6.312902340520175e-04

 429	1.715999999999981e+01
	1.715999999999981e+01
	1.715999999999981e+01
	7.300000000000000e+00
	0.000000000000000e+00
	-6.312902340920175e-04
	6.312902340920175e-04

 430	1.719999999999981e+01
	1.719999999999981e+01
	1.719999999999981e+01
	7.300000000000000e+00
	0.000000000000000e+00
	-6.312902341320175e-04
	6.312902341320175e-04

 431	1.723999999999981e+01
	1.723999999999981e+01
	1.723999999999981e+01
	7.300000000000000e+00
	0.000000000000000e+00
	-6.312902341720176e-04
	6.312902341720176e-04

 432	1.727999999999981e+01
	1.727999999999981e+01
	1.727999999999981e+01
	7.300000000000000e+00
	0.000000000000000e+00
	-6.312902342120176e-04
	6.312902342120176e-04

 433	1.731999999999981e+01
	1.731999999999981e+01
	1.731999999999981e+01
	7.300000000000000e+00
	0.000000000000000e+00
	-6.312902342520176e-04
	6.312902342520176e-04

 434	1.735999999999981e+01
	1.735999999999981e+01
	1.735999999999981e+01
	7.300000000000000e+00
	0.000000000000000e+00
	-6.312902342920176e-04
	6.312902342920176e-04

 435	1.739999999999981e+01
	1.739999999999981e+01
	1.739999999999981e+01
	7.300000000000000e+00
	0.000000000000000e+00
	-6.312902343320175e-04
	6.312902343320175e-04

 436	1.743999999999981e+01
	1.743999999999981e+01
	1.743999999999981e+01
	7.300000000000000e+00
	0.000000000000000e+00
	-6.312902343720175e-04
	6.312902343720175e-04

 437	1.747999999999981e+01
	1.747999999999981e+01
	1.747999999999981e+01
	7.300000000000000e+00
	0.000000000000000e+00
	-6.312902344120175e-04
	6.312902344120175e-04

 438	1.751999999999980e+01
	1.751999999999980e+01
	1.751999999999980e+01
	7.300000000000000e+00
	0.000000000000000e+00
	-6.312902344520175e-04
	6.312902344520175e-04

 439	1.755999999999980e+01
	1.755999999999980e+01
	1.755999999999980e+01
	7.300000000000000e+00
	0.000000000000000e+00
	-6.312902344920176e-04
	6.312902344920176e-04

 440	1.759999999999980e+01
	1.759999999999980e+01
	1.759999999999980e+01
	7.300000000000000e+00
	0.000000000000000e+00
	-6.312902345320176e-04
	6.312902345320176e-04

 441	1.763999999999980e+01
	1.763999999999980e+01
	1.763999999999980e+01
	7.300000000000000e+00
	0.000000000000000e+00
	-6.312902345720176e-04
	6.312902345720176e-04

 442	1.767999999999980e+01
	1.767999999999980e+01
	1.767999999999980e+01
	7.300000000000000e+00
	0.000000000000000e+00
	-6.312902346120176e-04
	6.312902346120176e-04

 443	1.771999999999980e+01
	1.771999999999980e+01
	1.771999999999980e+01
	7.300000000000000e+00
	0.000000000000000e+00
	-6.312902346520175e-04
	6.312902346520175e-04

 444	1.775999999999980e+01
	1.775999999999980e+01
	1.775999999999980e+01
	7.300000000000000e+00
	0.000000000000000e+00
	-6.312902346920175e-04
	6.312902346920175e-04

 445	1.779999999999980e+01
	1.779999999999980e+01
	1.779999999999980e+01
	7.300000000000000e+00
	0.000000000000000e+00
	-6.312902347320175e-04
	6.312902347320175e-04

 446	1.783999999999980e+01
	1.783999999999980e+01
	1.783999999999980e+01
	7.300000000000000e+00
	0.000000000000000e+00
	-6.312902347720175e-04
	6.312902347720175e-04

 447	1.787999999999980e+01
	1.787999999999980e+01
	1.787999999999980e+01
	7.300000000000000e+00
	0.000000000000000e+00
	-6.312902348120175e-04
	6.312902348120175e-04

 448	1.791999999999980e+01
	1.791999999999980e+01
	1.791999999999980e+01
	7.300000000000000e+00
	0.000000000000000e+00
	-6.312902348520176e-04
	6.312902348520176e-04

 449	1.795999999999979e+01
	1.795999999999979e+01
	1.795999999999979e+01
	7.300000000000000e+00
	0.000000000000000e+00
	-6.312902348920176e-04
	6.312902348920176e-04

 450	1.799999999999979e+01
	1.799999999999979e+01
	1.799999999999979e+01
	7.300000000000000e+00
	0.000000000000000e+00
	-6.312902349320176e-04
	6.312902349320176e-04

 451	1.803999999999979e+01
	1.803999999999979e+01
	1.803999999999979e+01
	7.300000000000000e+00
	0.000000000000000e+00
	-6.312902349720176e-04
	6.312902349720176e-04

 452	1.807999999999979e+01
	1.807999999999979e+01
	1.807999999999979e+01
	7.300000000000000e+00
	0.000000000000000e+00
	-6.312902350120175e-04
	6.312902350120175e-04

 453	1.811999999999979e+01
	1.811999999999979e+01
	1.811999999999979e+01
	7.300000000000000e+00
	0.000000000000000e+00
	-6.312902350520175e-04
	6.312902350520175e-04

 454	1.815999999999979e+01
	1.815999999999979e+01
	1.815999999999979e+01
	7.300000000000000e+00
	0.000000000000000e+00
	-6.312902350920175e-04
	6.312902350920175e-04

 455	1.819999999999979e+01
	1.819999999999979e+01
	1.819999999999979e+01
	7.300000000000000e+00
	0.000000000000000e+00
	-6.312902351320175e-04
	6.312902351320175e-04

 456	1.823999999999979e+01
	1.823999999999979e+01
	1.823999999999979e+01
	7.300000000000000e+00
	0.000000000000000e+00
	-6.312902351720176e-04
	6.312902351720176e-04

 457	1.827999999999979e+01
	1.827999999999979e+01
	1.827999999999979e+01
	7.300000000000000e+00
	0.000000000000000e+00
	-6.312902352120176e-04
	6.312902352120176e-04

 458	1.831999999999979e+01
	1.831999999999979e+01
	1.831999999999979e+01
	7.300000000000000e+00
	0.000000000000000e+00
	-6.312902352520176e-04
	6.312902352520176e-04

 459	1.835999999999979e+01
	1.835999999999979e+01
	1.835999999999979e+01
	7.300000000000000e+00
	0.000000000000000e+00
	-6.312902352920176e-04
	6.312902352920176e-04

 460	1.839999999999979e+01
	1.839999999999979e+01
	1.839999999999979e+01
	7.300000000000000e+00
	0.000000000000000e+00
	-6.312902353320175e-04
	6.312902353320175e-04

 461	1.843999999999978e+01
	1.843999999999978e+01
	1.843999999999978e+01
	7.300000000000000e+00
	0.000000000000000e+00
	-6.312902353720175e-04
	6.312902353720175e-04

 462	1.847999999999978e+01
	1.847999999999978e+01
	1.847999999999978e+01
	7.300000000000000e+00
	0.000000000000000e+00
	-6.312902354120175e-04
	6.312902354120175e-04

 463	1.851999999999978e+01
	1.851999999999978e+01
	1.851999999999978e+01
	7.300000000000000e+00
	0.000000000000000e+00
	-6.312902354520175e-04
	6.312902354520175e-04

 464	1.855999999999978e+01
	1.855999999999978e+01
	1.855999999999978e+01
	7.300000000000000e+00
	0.000000000000000e+00
	-6.312902354920176e-04
	6.312902354920176e-04

 465	1.859999999999978e+01
	1.859999999999978e+01
	1.859999999999978e+01
	7.300000000000000e+00
	0.000000000000000e+00
	-6.312902355320176e-04
	6.312902355320176e-04

 466	1.863999999999978e+01
	1.863999999999978e+01
	1.863999999999978e+01
	7.300000000000000e+00
	0.000000000000000e+00
	-6.312902355720176e-04
	6.312902355720176e-04

 467	1.867999999999978e+01
	1.867999999999978e+01
	1.867999999999978e+01
	7.300000000000000e+00
	0.000000000000000e+00
	-6.312902356120176e-04
	6.312902356120176e-04

 468	1.871999999999978e+01
	1.871999999999978e+01
	1.871999999999978e+01
	7.300000000000000e+00
	0.000000000000000e+00
	-6.312902356520176e-04
	6.312902356520176e-04

 469	1.875999999999978e+01
	1.875999999999978e+01
	1.875999999999978e+01
	7.300000000000000e+00
	0.000000000000000e+00
	-6.312902356920175e-04
	6.312902356920175e-04

 470	1.879999999999978e+01
	1.879999999999978e+01
	1.879999999999978e+01
	7.300000000000000e+00
	0.000000000000000e+00
	-6.312902357320175e-04
	6.312902357320175e-04

 471	1.883999999999978e+01
	1.883999999999978e+01
	1.883999999999978e+01
	7.300000000000000e+00
	0.000000000000000e+00
	-6.312902357720175e-04
	6.312902357720175e-04

 472	1.887999999999978e+01
	1.887999999999978e+01
	1.887999999999978e+01
	7.300000000000000e+00
	0.000000000000000e+00
	-6.312902358120175e-04
	6.312902358120175e-04

 473	1.891999999999977e+01
	1.891999999999977e+01
	1.891999999999977e+01
	7.300000000000000e+00
	0.000000000000000e+00
	-6.312902358520176e-04
	6.312902358520176e-04

 474	1.895999999999977e+01
	1.895999999999977e+01
	1.895999999999977e+01
	7.300000000000000e+00
	0.000000000000000e+00
	-6.312902358920176e-04
	6.312902358920176e-04

 475	1.899999999999977e+01
	1.899999999999977e+01
	1.899999999999977e+01
	7.300000000000000e+00
	0.000000000000000e+00
	-6.312902359320176e-04
	6.312902359320176e-04

 476	1.903999999999977e+01
	1.903999999999977e+01
	1.903999999999977e+01
	7.300000000000000e+00
	0.000000000000000e+00
	-6.312902359720176e-04
	6.312902359720176e-04

 477	1.907999999999977e+01
	1.907999999999977e+01
	1.907999999999977e+01
	7.300000000000000e+00
	0.000000000000000e+00
	-6.312902360120175e-04
	6.312902360120175e-04

 478	1.911999999999977e+01
	1.911999999999977e+01
	1.911999999999977e+01
	7.300000000000000e+00
	0.000000000000000e+00
	-6.312902360520175e-04
	6.312902360520175e-04

 479	1.915999999999977e+01
	1.915999999999977e+01
	1.915999999999977e+01
	7.300000000000000e+00
	0.000000000000000e+00
	-6.312902360920175e-04
	6.312902360920175e-04

 480	1.919999999999977e+01
	1.919999999999977e+01
	1.919999999999977e+01
	7.300000000000000e+00
	0.000000000000000e+00
	-6.312902361320175e-04
	6.312902361320175e-04

 481	1.923999999999977e+01
	1.923999999999977e+01
	1.923999999999977e+01
	7.300000000000000e+00
	0.000000000000000e+00
	-6.312902361720176e-04
	6.312902361720176e-04

 482	1.927999999999977e+01
	1.927999999999977e+01
	1.927999999999977e+01
	7.300000000000000e+00
	0.000000000000000e+00
	-6.312902362120176e-04
	6.312902362120176e-04

 483	1.931999999999977e+01
	1.931999999999977e+01
	1.931999999999977e+01
	7.300000000000000e+00
	0.000000000000000e+00
	-6.312902362520176e-04
	6.312902362520176e-04

 484	1.935999999999976e+01
	1.935999999999976e+01
	1.935999999999976e+01
	7.300000000000000e+00
	0.000000000000000e+00
	-6.312902362920176e-04
	6.312902362920176e-04

 485	1.939999999999976e+01
	1.939999999999976e+01
	1.939999999999976e+01
	7.300000000000000e+00
	0.000000000000000e+00
	-6.312902363320176e-04
	6.312902363320176e-04

 486	1.943999999999976e+01
	1.943999999999976e+01
	1.943999999999976e+01
	7.300000000000000e+00
	0.000000000000000e+00
	-6.312902363720175e-04
	6.312902363720175e-04

 487	1.947999999999976e+01
	1.947999999999976e+01
	1.947999999999976e+01
	7.300000000000000e+00
	0.000000000000000e+00
	-6.312902364120175e-04
	6.312902364120175e-04

 488	1.951999999999976e+01
	1.951999999999976e+01
	1.951999999999976e+01
	7.300000000000000e+00
	0.000000000000000e+00
	-6.312902364520175e-04
	6.312902364520175e-04

 489	1.955999999999976e+01
	1.955999999999976e+01
	1.955999999999976e+01
	7.300000000000000e+00
	0.000000000000000e+00
	-6.312902364920175e-04
	6.312902364920175e-04

 490	1.959999999999976e+01
	1.959999999999976e+01
	1.959999999999976e+01
	7.300000000000000e+00
	0.000000000000000e+00
	-6.312902365320176e-04
	6.312902365320176e-04

 491	1.963999999999976e+01
	1.963999999999976e+01
	1.963999999999976e+01
	7.300000000000000e+00
	0.000000000000000e+00
	-6.312902365720176e-04
	6.312902365720176e-04

 492	1.967999999999976e+01
	1.967999999999976e+01
	1.967999999999976e+01
	7.300000000000000e+00
	0.000000000000000e+00
	-6.312902366120176e-04
	6.312902366120176e-04

 493	1.971999999999976e+01
	1.971999999999976e+01
	1.971999999999976e+01
	7.300000000000000e+00
	0.000000000000000e+00
	-6.312902366520176e-04
	6.312902366520176e-04

 494	1.975999999999976e+01
	1.975999999999976e+01
	1.975999999999976e+01
	7.300000000000000e+00
	0.000000000000000e+00
	-6.312902366920175e-04
	6.312902366920175e-04

 495	1.979999999999976e+01
	1.979999999999976e+01
	1.979999999999976e+01
	7.300000000000000e+00
	0.000000000000000e+00
	-6.312902367320175e-04
	6.312902367320175e-04

 496	1.983999999999975e+01
	1.983999999999975e+01
	1.983999999999975e+01
	7.300000000000000e+00
	0.000000000000000e+00
	-6.312902367720175e-04
	6.312902367720175e-04

 497	1.987999999999975e+01
	1.987999999999975e+01
	1.987999999999975e+01
	7.300000000000000e+00
	0.000000000000000e+00
	-6.312902368120175e-04
	6.312902368120175e-04

 498	1.991999999999975e+01
	1.991999999999975e+01
	1.991999999999975e+01
	7.300000000000000e+00
	0.000000000000000e+00
	-6.312902368520176e-04
	6.312902368520176e-04

 499	1.995999999999975e+01
	1.995999999999975e+01
	1.995999999999975e+01
	7.300000000000000e+00
	0.000000000000000e+00
	-6.312902368920176e-04
	6.312902368920176e-04

 500	1.999999999999975e+01
	1.999999999999975e+01
	1.999999999999975e+01
	7.300000000000000e+00
	0.000000000000000e+00
	-6.312902369320176e-04
	6.312902369320176e-04

